/*--------------------------------*- C++ -*----------------------------------*\
| =========                 |                                                 |
| \\      /  F ield         | OpenFOAM: The Open Source CFD Toolbox           |
|  \\    /   O peration     | Version:  v2012                                 |
|   \\  /    A nd           | Website:  www.openfoam.com                      |
|    \\/     M anipulation  |                                                 |
\*---------------------------------------------------------------------------*/
FoamFile
{
    version     2.0;
    format      binary;
    class       cellSet;
    arch        "LSB;label=32;scalar=64";
    location    "constant/polyMesh/sets";
    object      concaveCells;
}
// * * * * * * * * * * * * * * * * * * * * * * * * * * * * * * * * * * * * * //


5659
(
147456
90112
147458
90114
147459
90116
90118
90120
73737
90122
139275
57355
139276
90124
57356
90126
16399
90128
16400
147474
90130
147475
147476
90132
147477
147478
90134
73750
147480
90136
147481
90138
57371
139292
90140
57372
90142
90144
90146
90148
73764
73765
90150
73766
73767
90152
139305
90154
90156
90158
147503
147504
90160
147505
147506
90162
106547
106548
90164
106549
90166
57398
57399
90168
90170
131131
147528
147529
147530
147531
90187
147532
114764
147533
114765
147534
41038
147535
147536
114768
57426
16468
106591
106593
147554
106595
147556
106597
106599
73831
57447
106601
73833
57455
147568
41072
147569
147571
147572
147573
147574
57468
106621
106623
8319
8320
106625
106627
106629
106631
57482
147596
131217
114835
139412
114836
114839
57495
114840
73882
114843
73883
147612
147613
147615
147619
147620
147621
131238
147623
147625
147628
147639
147640
106681
147642
106683
65724
106685
147646
106687
147648
147649
106689
106691
57539
147653
106693
147654
41158
147655
139463
106695
147656
139464
147657
106697
139466
139467
106699
139469
106701
147662
147663
139471
106703
139472
139473
106705
8401
139474
8402
147667
106707
8403
147668
8404
147669
106709
147670
147671
106711
106713
147674
106715
41179
147677
106717
106719
147680
114913
106721
147683
106723
114916
114917
106725
114918
114919
106727
106729
57577
139498
57578
106731
65771
106733
65773
147695
106735
65775
147696
147697
106737
106739
147700
147701
106741
147702
147703
106743
147705
106745
147706
106747
147708
131324
106749
106751
106753
106755
106757
98565
106759
147720
147721
106761
147722
57610
106763
106765
147727
106767
147728
8464
147729
131345
106769
90385
147730
106771
147732
147733
106773
147734
147735
106775
106777
147738
155931
106779
106781
106783
106785
106787
155941
106789
106791
8488
106793
147755
106795
147756
57644
147757
106797
147758
147759
106799
106801
41265
147762
106803
147764
147765
106805
106807
106809
155962
147770
106811
147773
106813
147774
106815
147777
106817
106819
106821
147782
106823
147785
106825
147786
147787
106827
147788
106829
106831
106833
57681
147794
106835
147797
106837
147799
106840
57688
106841
115034
115035
115036
115038
115041
57698
115044
57700
115045
147814
147815
131431
57703
57704
139626
115051
115052
147824
98675
147828
98676
147829
147830
147831
147832
147835
147836
131452
147837
147842
147843
147844
147850
147858
147863
98711
147864
147865
147874
147875
139712
115145
115148
131538
115173
115184
115188
41465
41466
115198
115200
115207
115222
115228
115230
66079
66084
41508
115238
66089
57897
57898
8746
98859
57901
66094
57903
57907
115254
115255
57913
131645
57918
115263
57919
115265
57923
115272
131666
90706
8787
115284
8788
115285
115290
115291
115292
115299
115300
115303
115304
115305
17003
115312
74353
115320
115321
115324
115325
57981
57982
57983
115328
57984
115329
115338
115339
115340
115341
115349
115351
115352
98970
8860
139933
8861
139935
115359
41631
139936
115360
41632
139937
139939
115365
139944
115371
115372
115373
115377
115378
115379
74422
74423
115384
115385
115386
131773
115397
115398
115399
99017
99018
99019
99020
99021
99022
8910
115407
99023
8911
99024
99025
99026
99027
74451
99028
115413
99029
74453
115414
99030
99031
99032
99033
99034
99035
99036
115421
99037
115422
99038
99039
115424
99040
99041
115426
99042
99043
99044
115429
99045
99046
115431
99047
115432
99048
99049
99050
99051
115436
99052
99053
99054
99055
99056
99057
115442
99058
99059
99060
115445
99061
115446
99062
115447
99063
99064
99065
99066
99067
115452
99068
115453
99069
115454
99070
99071
99072
115458
66312
115466
66314
115469
58128
58130
131859
58131
115476
115477
17175
41752
115484
115485
115486
115491
115492
131880
99112
99114
156459
156460
115500
115501
115502
115507
115508
115509
115514
115515
115518
115519
99140
115528
115529
115530
115537
115538
115539
115540
115553
115555
115556
115557
115558
74601
74602
115581
115583
115584
58240
58242
58244
58245
58246
115591
58247
115592
115593
74642
131987
115604
115605
41880
74652
74656
74660
74664
115626
115627
115628
74668
115629
74672
74676
74680
74684
74688
115651
115652
74692
115653
115654
115655
74696
74700
74704
74708
74712
74716
74720
115684
74724
115685
66533
115686
115687
74728
66538
74732
115696
99312
74736
115697
58353
58354
115699
58355
74740
58356
115701
74744
74748
132094
74752
74756
74760
41994
41995
1035
1037
115726
1038
1039
115728
115729
1041
1042
1043
115750
115752
91176
1068
115769
115770
115771
115772
115773
58437
58438
58439
58440
1099
115788
115791
115792
115793
132180
115798
115800
74844
74848
74852
74856
1130
74860
1134
1135
74864
1136
148596
74868
115832
74872
115833
115834
115835
115836
74876
115838
115839
74880
115841
148611
115843
148612
74884
115845
115847
74888
115849
1161
115850
148619
115852
74892
115853
115855
74896
115857
66705
115858
115859
74900
66710
74904
115867
115868
74908
115869
58525
115870
58526
115871
115872
74912
115874
74916
74920
17576
1192
17577
115883
74924
115885
140462
9390
140463
115887
9391
74928
115889
140466
115890
140467
115892
74932
115894
42166
42167
115896
74936
148668
74940
115901
115902
148671
115903
74944
115905
148675
148676
74948
1223
74952
1224
74956
115917
115918
74960
115921
115922
115923
132308
115924
91348
74964
115927
74968
115929
42201
115930
115932
74972
74976
115937
115938
115939
115940
74980
115941
115942
1254
115943
1255
74984
74988
74992
115953
74996
115959
75000
115961
115963
75004
115965
75008
9472
115969
9473
115970
9474
148739
115971
9475
148740
115972
75012
148741
1285
115974
1286
115975
115976
75016
115977
75020
148750
148752
75024
148754
115986
115987
148756
115988
75028
115989
75032
115996
75036
115997
115998
148767
115999
148768
75040
148770
75044
1316
1317
116006
116007
116008
75048
116009
58665
132394
58667
116012
75052
58669
58670
58671
42287
75056
58672
148788
148790
116022
116024
116025
148795
116027
148797
116029
148798
116031
9535
140608
140609
116033
140610
75074
148803
140611
116035
1347
140612
116036
1348
140613
116038
116039
66887
75080
116041
75084
75088
148820
75092
116053
148822
116054
116055
9559
148824
116056
75097
148826
116058
75098
66907
148829
148834
1378
148835
1379
116068
66916
148837
116070
66918
148839
116072
148841
91497
116074
116075
116078
116079
148848
148850
116084
116085
116086
148855
116087
148857
116090
148859
148861
116093
116096
1409
116098
1410
116099
148871
148872
148873
116106
116108
116109
148879
116111
148880
116113
116115
116116
148887
116119
116120
58777
116122
116123
148892
58780
148893
116125
148894
1440
1441
1445
116134
1446
116136
75176
116137
116138
116141
116143
116144
116145
116147
116150
116153
116155
116156
116158
1472
116164
116166
116167
116170
116172
116174
116175
116176
1503
116192
116193
116194
116203
116205
58862
116207
58863
58864
116209
58865
116214
116215
116216
116217
116219
116220
116222
116229
116232
116234
99850
116235
116236
116239
116241
116242
116243
116244
116245
91669
116258
116260
116262
116264
116265
116267
116269
116271
116272
116278
116283
17981
116286
116288
116290
116292
116294
116296
116300
116302
116304
140882
116306
116310
116312
9817
116314
116315
116317
116319
116321
116326
116330
116332
116333
116337
116339
116342
116344
116346
132732
116348
132733
116349
132735
59007
132736
116352
59008
132737
59009
59010
9858
59011
9859
132740
116356
59012
116357
116358
116359
116360
116362
116363
116364
116365
116367
116370
116371
116372
116373
116374
116376
116379
116381
1694
116384
116385
116390
116392
91818
75434
116395
116397
9903
9904
116401
116403
116404
116405
116407
116411
116413
116415
116417
116420
116422
75475
141012
75476
157415
141072
141073
141074
141075
141077
157462
157465
157466
157467
108318
108319
157474
59175
59179
59181
59182
157497
91990
67446
132986
157564
157565
18301
157566
18302
157567
92033
157570
92034
92035
92036
92037
92038
92039
92040
157577
92041
92042
92043
92044
92045
92046
92047
92051
92052
92053
92054
92055
92056
59288
92057
59289
92058
59290
92059
59291
92060
92061
92062
92063
92064
92065
92066
92067
92068
157605
92069
92070
92071
51111
92072
51112
92073
92074
92075
92076
92077
92078
92079
92080
92081
51121
108466
92082
51122
92083
92084
92085
92086
92087
92088
92089
92090
92091
92092
92093
92094
92095
92096
92097
92098
18370
92099
92100
92101
92102
92103
92104
92105
92106
10186
92107
157644
92108
92109
157646
75727
75753
92139
59372
59374
59375
157683
10227
157684
10228
157685
157686
157688
157689
67577
157694
157695
157710
157712
157713
157715
149528
149529
157728
10272
157729
157732
157733
157734
149542
157735
157736
157737
157738
100394
157739
100395
100396
157741
100397
141358
100398
141359
100399
100400
141361
100401
100402
141365
100408
100409
51257
141370
100410
51258
141371
141372
51260
141373
51261
141374
51262
141375
157760
141376
141377
157762
59458
59459
51267
141380
59460
51268
141381
59461
10312
141396
141398
100440
100441
100442
100443
141412
141413
141419
141420
141421
18542
141428
141431
141435
149628
141436
141438
141442
141443
141452
149649
75925
92311
141477
141479
51380
141493
141494
51382
141495
51384
51385
51386
51387
51390
108735
51391
51392
51393
51394
75971
51397
92358
92359
51399
92360
92361
92362
141515
92363
92364
92365
92366
92367
141520
92368
59600
51408
92369
51409
92370
59602
92371
59603
92372
59604
92373
59605
92374
59606
92375
59607
92376
92377
59609
92378
92379
92380
92381
92382
92383
149735
133373
157950
133374
133375
157952
133376
133377
133378
141575
141579
141580
92430
141583
141584
141585
141591
141593
141594
141598
141599
141600
51488
141601
51489
51492
51493
141606
141608
108842
141611
51499
141612
51500
141614
141619
141620
141621
141622
59712
59713
59714
59715
59716
67927
59740
59742
67935
59743
59745
59747
59749
59751
59752
59753
59754
59756
59758
59760
59762
59764
133493
59766
133495
59767
51575
59768
51576
133497
59769
59770
133499
59771
133500
59772
51580
133501
51581
59774
51582
108928
51586
51587
59785
59787
108949
141720
59809
141730
149928
59816
149929
141738
59828
149942
51649
51650
59843
59844
51652
59845
51653
59849
59850
59851
51660
92632
59869
59879
109035
100845
100846
158198
10743
141824
109056
76294
150028
59919
51729
51730
51731
51732
59925
51734
51735
51736
51737
51742
150049
59946
141868
10810
10811
150096
150097
150101
150102
109142
150103
59996
59997
59998
10846
150111
59999
60000
60001
60003
60004
109163
92781
150134
60028
141954
19077
150155
51851
51853
51854
76431
51855
51856
158353
51857
158354
51858
51862
141975
60056
51864
60057
51867
10907
51868
10909
76446
158367
10911
76448
10913
76450
51874
51875
10915
76452
51876
10917
76454
10919
76456
76458
76460
76462
10927
76464
10929
76466
10931
76468
10933
10935
10937
10939
10941
76478
19134
19135
10943
76480
109249
10945
76482
150211
10947
158404
150212
76484
150213
10949
150214
142022
150215
142023
10951
150216
142024
150217
10953
10955
142028
142029
10957
142031
10959
10961
76498
10963
76500
142037
10965
76502
76504
76506
76508
76510
76512
150241
76514
76516
76518
76520
76522
142060
76524
76526
10991
76528
51953
10993
150258
76530
51954
150259
51955
10995
76532
51957
10997
76534
51958
10999
76536
11001
76538
11003
76540
51965
11005
76542
60159
11007
76544
60161
11009
76546
142083
60163
11011
76548
60165
11013
76550
60167
11015
76552
60169
11017
76554
60170
142091
60171
11019
76556
60172
158477
60173
11021
158478
76558
60174
158479
11023
76560
60177
11025
76562
60178
11027
76564
11029
76566
11031
76568
11033
76570
11035
76572
11037
76574
11039
76576
11041
76578
11043
76580
11045
76582
11047
76584
11049
76586
11051
76588
11053
76590
11055
76592
11057
76594
11059
76596
76598
11062
76600
76602
92988
76604
92989
52029
92990
76606
52030
92991
92992
76608
60224
52032
92993
52033
92994
92995
92996
92997
92998
92999
93000
52040
93001
93002
11092
11093
142177
158566
158567
76647
11111
158568
158569
158570
60266
11114
60267
158572
11117
158575
142191
11120
11123
11126
11129
142204
11132
11135
150402
11138
150403
150404
150405
11141
150406
158599
150408
11144
150410
150411
11147
11150
150415
11153
11156
158613
158614
158615
11159
158616
158617
11162
158619
76701
60317
60318
60319
60320
60321
60322
60323
60325
158631
60327
158632
60328
158633
60329
158634
60330
142253
142255
142256
142258
142262
158647
142263
158648
142264
158649
158650
142266
52155
158652
52156
52157
52158
158656
52160
158658
52162
52163
52164
52165
52166
52167
52169
52170
52177
142290
52178
60376
142311
158703
158705
158709
158711
150523
60411
150524
150525
150526
150527
150530
150531
150532
150538
19478
19479
150557
150560
150571
150572
60463
60464
11312
60465
60466
60467
11315
60468
60469
11318
60471
150587
150588
150589
142397
150590
158786
150594
158787
150595
150596
150597
150598
60494
150607
150610
52306
150611
150612
52308
11348
11351
52312
150617
150618
52314
11354
52315
19547
150620
52316
19548
150621
52317
19549
19550
52319
19551
19552
52321
19553
19554
60515
52323
19555
52324
19556
52325
19557
19558
19559
19560
68713
19561
19562
68715
52331
19563
52332
19564
68717
19565
19566
150639
68719
19567
19568
150641
19569
150643
150645
150646
150647
19575
19576
19577
19578
19579
19580
19581
150654
19582
19583
150656
19584
19585
150658
19586
19587
150660
19588
19589
19590
150663
19591
19592
150665
19593
19594
19595
19596
19597
150670
19598
150671
19599
150672
19600
19601
19602
19603
19604
150677
68757
19605
150678
60566
19606
150679
68759
19607
11415
60568
19608
60569
19609
60570
19610
60571
19611
60572
19612
60573
19613
19614
19615
19616
150689
19617
19618
150691
19619
150692
19620
19621
150694
19622
19623
142504
19624
150697
150701
150709
52408
52409
52411
142525
52413
52414
52415
158912
158916
52420
52421
109766
77000
60618
19670
19672
19674
11482
19676
19678
19680
19682
19684
19686
77031
19687
19688
77033
19689
19690
77035
19691
19692
142573
77037
19693
142574
19694
142575
77039
142576
68848
19696
77041
19698
77043
142580
19700
142582
19702
142583
19703
19704
19705
142586
19706
142587
68859
19707
19708
19709
19710
60671
19711
60672
19712
60673
19713
60674
19714
60675
19715
60676
19716
52485
19717
52487
19719
52488
19721
77067
19723
11532
77069
19725
11533
77071
52495
19727
158992
158993
77073
19729
158994
158995
142611
77075
19731
158996
158997
77077
19733
158998
158999
77079
19735
159000
77081
19737
77083
19739
109852
77085
19741
77087
19743
77089
19745
77091
19747
77093
19749
77095
19751
142632
77097
19753
77099
19755
77101
19757
77103
19759
77105
19761
77107
19763
77109
19765
77111
19767
77113
19769
60730
77115
19771
77117
19773
77119
19775
77121
19777
77123
19779
77125
19781
77127
19783
77129
19785
77131
19787
77133
19789
77135
19791
77137
68945
19793
77139
68947
19795
77141
52565
19797
52566
77143
52567
19799
77145
52569
19801
52570
77147
19803
52572
77149
19805
77151
52575
19807
77153
52577
19809
77155
19811
77157
19813
77159
19815
77161
19817
77163
19819
77165
19821
77167
77169
77171
150900
150901
77173
150902
150903
77175
77177
77179
77181
142718
118143
77183
118144
118145
77185
77187
77189
77191
150920
77193
77195
118157
77197
118158
77199
77201
150931
142739
77203
109972
77205
77207
77209
150939
118171
77211
118173
77213
77215
77217
60834
150947
77219
60836
118181
77221
60838
77223
60840
77225
60842
77227
60843
19883
60844
19884
118189
77229
60845
118190
60846
77231
60847
118192
77233
60849
118194
77235
77237
159159
77239
159160
159161
77241
159162
118202
77243
77246
142795
142796
118220
142797
118221
52685
142798
118222
142799
118223
52687
142800
69072
52688
52689
69074
52690
52691
159188
69076
52692
159189
69077
52694
52695
159192
52696
101849
52697
52698
52700
52702
60896
52704
118241
118242
118243
118244
159206
159207
52711
118248
52712
159210
118250
159211
118266
118268
142846
110079
159233
60930
159238
118278
118280
118282
159247
118287
159248
118288
159250
118290
159251
159254
118294
159255
118295
159256
118296
159257
118297
159260
159262
85538
159267
159268
159269
159273
118313
118314
159275
118316
159277
159278
159282
159283
151092
118325
60981
60982
52790
118327
60983
52791
60984
52792
52793
159290
60986
52794
159291
151099
118331
60987
52795
118333
159296
52800
159297
52801
118339
118341
118342
101958
101959
159304
118344
159305
118345
118347
159308
159309
118350
118352
159316
142932
110165
159319
159321
159322
151135
142953
110186
69234
102003
102004
77444
85647
85648
61076
61077
61078
61079
61080
61081
61082
61083
61084
151205
151206
69290
151215
85683
151221
151229
143039
110272
151234
151235
102113
102114
20195
20196
12020
12021
102159
134929
61209
61211
151325
61213
61214
61215
85792
61217
61218
61219
61220
61221
61222
61223
61224
20264
143146
61226
61227
159536
159537
151348
151349
159544
159545
151359
143167
151361
12102
151367
12103
151368
12104
12105
151376
151380
151382
151403
151409
143227
102268
102269
12164
12165
53132
143253
12189
102305
85931
102329
102330
102331
159676
102332
61372
102333
102334
102335
102336
61376
102337
102338
61378
102339
102340
69572
102341
77765
135110
102342
69574
61382
102343
53191
135112
102344
61384
102345
85961
53193
102346
85962
61386
102347
85963
61387
102348
85964
61388
102349
85965
61389
102350
85966
61390
102351
85967
61391
102352
85968
102353
85969
102354
85970
102355
85971
110548
102356
85972
20436
102357
85973
102358
85974
102359
102360
102361
102362
102363
102364
102365
102366
102367
102368
102369
102370
102371
102372
102373
102374
102375
102376
102377
102378
102379
102380
69612
102381
69613
102382
102383
102384
102385
102386
102387
102388
102389
102390
102391
102392
102393
102394
102395
102396
102397
102398
69630
102399
143360
102400
20480
102401
102402
102403
102404
102405
102406
69638
102407
69639
102408
102409
102410
102411
20491
102413
20493
20494
20495
20496
20497
20498
20499
20500
20501
20502
20503
20504
20506
20508
20510
20512
20513
20514
20515
20516
20517
69670
20518
69671
20519
20520
69673
20521
110634
69674
20522
20523
20524
20525
20526
61487
20527
61488
20528
61489
20529
61490
20530
86067
61491
20531
86068
61492
20532
69685
61493
20533
86070
69686
61494
20534
20535
61496
20536
20537
20538
20539
20540
20541
69694
20543
20545
20547
20549
20550
20551
20552
20553
20554
20555
20556
20557
20558
69711
20559
20560
20561
20562
20563
20564
20565
53334
20566
20567
20568
53337
20569
77914
20570
20571
20572
20573
20574
69727
20575
20576
20577
20578
20579
20580
20581
20582
20583
20584
20585
20586
20587
69740
20588
20589
20590
53359
20591
53360
20592
53361
20593
53362
20594
20595
20596
53365
20597
20598
20599
20600
53369
20601
53370
20602
53371
20603
53372
20604
53373
20605
20606
20607
61568
20608
61569
20609
20610
61571
20611
61572
20612
61573
20613
20614
61575
20615
61576
20616
20617
20618
20619
20620
53389
20621
20622
53391
20623
53392
20624
20625
53394
20626
53395
20627
53396
20628
53397
20629
53398
20630
53399
20631
53400
20632
20633
53402
20634
69787
20635
143516
20636
143517
69789
20637
143518
69790
20638
20639
12447
69792
20640
20641
20642
143523
20643
143524
20644
143525
20645
143526
20646
20647
20648
143529
53428
69814
53430
69816
53432
69817
53433
53434
53435
53436
53437
53438
53439
12488
53449
12489
53450
53451
135377
102611
61651
61652
61653
61655
61656
61657
69851
61659
159964
20701
69854
20702
20703
69856
20704
69857
20705
69858
53474
20706
69859
20707
53476
20708
69861
53477
20709
53478
20710
53479
20711
53480
20712
53481
69866
53482
69868
20716
20717
69870
20718
20719
20720
20721
20722
20723
20724
20725
20726
20727
20728
53497
20729
20730
53499
20731
86268
53500
20732
53501
20733
53502
20734
53503
20735
12543
53504
20736
12544
53505
20737
20738
12546
20739
20740
20741
78086
20742
12550
20743
20744
4360
20745
20746
12554
20747
160012
20748
160013
53517
20749
20750
12558
69903
53519
20751
20752
20753
20754
12562
20755
53524
20756
53525
20757
20758
12566
20759
20760
20761
20762
12570
20763
20764
53533
20765
20766
12574
53535
20767
53536
20768
53537
20769
53538
12578
53539
53540
53541
12582
12586
12590
12594
135476
12598
69945
12602
69947
53564
69949
53565
69950
53566
12606
69952
53568
69953
12610
160067
160070
12614
160071
160072
12618
160078
12622
160080
12626
53588
53590
12630
61783
53591
53592
61785
53593
12634
61787
53595
61789
53597
12638
61792
53600
4448
69985
61793
53601
61794
12642
69987
61795
61796
53604
61797
53605
53606
12646
61800
12650
12654
70001
12658
12662
12666
53627
53629
151934
53630
12670
4479
53632
53633
53634
12674
53637
12678
151944
12682
70027
70029
12686
70031
160144
160145
86417
70033
160146
53650
12690
160147
53651
53652
160150
12694
53656
12698
78235
12702
4510
53663
53665
12706
160163
12710
102825
53673
53674
12714
160172
53678
12718
12722
12726
12730
4540
4541
12734
12738
70086
12742
70087
53703
70088
53704
61897
53705
61898
53706
12746
61899
53707
61900
53708
61901
61902
12750
61903
61905
12754
160211
160213
160214
12758
160215
12762
4571
4572
12766
53730
12770
53732
53733
53734
12774
53735
61928
53737
61930
53738
12778
20971
61932
53740
61934
12782
61937
12786
70131
61939
61940
61942
12790
70136
70138
12794
4602
53755
4603
70140
53756
61949
53757
70142
53758
12798
61951
61952
53761
61954
12802
61957
12806
61959
143880
61960
143881
61962
12810
12814
53775
143888
61968
53776
143889
70161
53777
143890
12818
70163
143893
70165
61973
12822
61975
135704
61976
61977
53785
4633
135706
61978
53786
12826
4634
61979
53787
61980
12830
61984
61985
53793
61986
12834
61987
160292
160293
160294
12838
160295
160298
12842
160299
12846
70191
61999
70192
53808
62001
62002
53810
12850
62003
53811
62004
62005
53813
12854
62007
53815
53816
4664
62009
4665
12858
86589
62014
12862
160320
62016
160321
160322
12866
160323
160325
12870
160327
160328
70217
62025
62026
12874
70219
62027
62028
62029
62030
12878
62031
62033
62034
12882
62035
62036
12886
4695
4696
12890
12894
12898
62053
62054
12902
160359
62055
62056
62057
62058
12906
62060
62061
12909
160366
12910
160369
12913
12914
12917
12918
4726
4727
62073
12921
160378
12922
62075
62076
62077
12925
62078
12926
152191
103039
62079
160384
62080
62081
12929
62082
12930
62083
152196
62084
62085
12933
160390
62086
12934
62087
12937
12938
12941
12942
160399
160400
12945
12946
62100
160405
152213
12949
4757
160406
62102
12950
4758
62103
160408
62104
62105
12953
12954
12957
12958
12961
12962
152227
62115
62116
62117
12965
62118
12966
160423
62119
152232
62120
160425
62121
12969
160426
152234
12970
62123
160428
160429
62125
160431
12975
160432
144048
12976
144049
144050
70323
62132
4788
70325
62133
4789
144054
62134
152247
144055
160440
160441
4793
4794
160444
160447
144063
160450
160453
62150
62151
62152
160457
62153
160458
62154
160460
62156
160461
62157
62158
62159
111312
111313
62161
86738
4819
4820
160471
13016
160473
13017
160476
78556
62173
62174
62175
62176
152289
62177
160482
62178
62179
13027
62181
13029
160486
152294
111334
62182
160487
152295
62183
13031
62184
13033
13035
13037
13039
70384
160497
13041
70386
4850
13043
4851
62196
62197
13045
62198
62199
62201
62202
62203
111356
62204
62205
62206
62207
13059
13061
13063
13065
13067
62221
13069
62222
62223
13071
62224
13073
4881
111378
62226
4882
111379
62227
62228
62229
62231
62232
152360
111401
62253
62255
62256
4912
62257
4913
62258
62261
62262
62263
152383
152385
62274
62275
62276
62277
62280
62281
62282
62283
62284
62285
13133
13135
4943
13137
13139
13141
13143
13145
62298
62299
13147
62300
62301
13149
62302
13151
62304
62305
13153
62306
13155
62308
13157
144230
144231
13159
13161
13163
13165
62318
4974
62319
13167
62320
62321
13169
62322
4978
62323
13171
152436
152437
62325
13173
62326
62327
13175
62328
13177
13179
13181
86910
62334
13183
62336
13185
13187
13189
13191
78728
62349
5005
62350
62352
62353
62354
62355
62356
62358
62360
62363
70559
160679
160680
62376
62377
62378
62379
13227
5036
62381
13229
119728
13232
78770
62389
62392
62394
62395
62396
62397
62399
103360
62401
62402
62403
62404
62405
62406
62407
62408
62409
62410
13258
62411
5067
62412
119757
62413
62415
62416
21456
62417
21457
119765
62421
62424
62425
62426
62429
62430
119775
62431
62432
119777
62433
62434
62435
62436
62437
62438
62439
62440
62441
62442
5098
62448
62450
62451
37875
62452
62453
62454
62455
62456
62457
62458
62459
62460
62461
62462
62467
119816
119817
5129
119818
5130
62475
70668
62476
62479
62480
62481
62482
119827
62483
62484
119829
62485
62486
62487
62488
62489
62490
62491
62493
62496
62497
144419
62499
144420
62501
62503
62504
5160
62505
5161
119850
62506
62507
152620
70700
62508
152621
62509
70702
119855
119857
62513
62514
62516
62517
62520
62521
62522
62528
62530
62531
62532
62533
62534
119879
37961
5193
5195
5196
5197
5199
62544
62547
62549
62550
119898
78942
62558
160863
62559
160864
62560
160865
62561
62562
119908
37989
160870
119910
37990
62570
160876
119916
160878
119918
119920
144500
62580
144501
144502
62582
13430
87159
62583
87160
62584
144505
87161
62585
62586
62588
62590
152704
62592
152706
160899
160901
119944
119946
62603
62604
160909
62605
62606
62607
62608
87189
62613
87190
62614
87191
62615
87192
62616
152729
87193
70809
87194
87195
87196
62620
87197
87198
70814
87199
87200
70816
87201
119970
87202
87203
87204
87205
87206
62630
87207
62631
87208
62632
87209
87210
87211
87212
62636
87213
87214
87215
87216
87217
87218
87219
87220
87221
62645
87222
62646
87223
62647
87224
62648
87225
87226
62650
87227
87228
62652
87229
87230
87231
87232
87233
87234
87235
87236
62660
87237
120006
87238
62662
87239
120008
87240
62664
87241
87242
87243
5323
5324
5325
62673
120018
62674
62675
120020
62676
70872
70873
62681
152794
70874
62682
70875
152796
70876
62684
152797
62686
152799
62687
62688
152801
152802
70890
70891
152812
70892
152813
152814
62702
62704
62709
62711
120058
120060
62717
62718
62719
5375
70912
62720
103681
62721
62723
62725
120070
62727
120072
70924
62733
70926
62735
70928
62736
38161
62738
38162
62744
62745
62747
62749
62751
103716
103717
62757
103718
103719
152872
103720
62760
21800
103721
21801
152874
103722
62762
152875
62763
152877
70960
70961
70963
103732
70964
62772
103733
70965
62773
103734
70966
62774
103735
70967
62775
5431
103736
70968
62776
103737
70969
62777
152890
103738
62779
38203
152892
38204
62781
103743
62783
103744
152897
152898
103747
103748
103749
103750
103751
103752
70984
103753
62793
103754
103755
62795
103756
103757
62797
103758
103759
62799
103760
103761
103762
103763
103764
103765
103766
103767
103768
103769
62809
103770
62810
103771
62811
103772
62812
103773
103774
79198
103775
103776
103777
103778
103779
103780
103781
103782
103783
71015
103784
62824
103785
71017
62825
103786
103787
71019
62827
103788
71020
103789
71021
62829
21869
152942
103790
103791
71023
62831
152944
103792
71024
103793
71025
103794
71026
103795
103796
71028
103797
62837
103798
71030
13686
103799
71031
103800
62840
152954
62842
62843
152959
71066
71067
71078
71080
71081
71088
71090
71091
71092
38334
38335
71138
144871
71173
71175
79370
71194
71196
71198
13858
38455
38476
13900
161363
161364
161365
161366
161367
161373
161374
161376
71269
161382
71270
71271
71272
161385
71273
161391
161392
161393
161394
161398
161400
161401
161402
161403
161407
161408
161409
161411
161412
161413
71301
161414
161423
71312
71314
38583
153292
112347
145134
63224
63225
161544
14129
14130
55140
55141
145269
145273
145274
145276
55164
55165
145278
55166
55167
145280
55168
145281
55171
55172
22404
79750
79751
79752
79753
104333
79757
79758
79759
79760
79761
6033
79762
96156
96157
55198
55199
55200
55201
112549
112550
79784
79785
79786
79787
96172
79788
96173
79789
79790
79791
79792
79793
79794
79797
79798
55222
79799
79800
79801
55225
96186
55226
112571
112572
79809
79810
55234
55235
55236
55244
55245
112594
38870
79833
79834
79835
79836
79837
79838
79839
79840
161761
79841
79842
79843
79844
55268
79845
55269
79846
79847
79848
79849
79850
79851
79852
79853
79854
55278
79855
55279
79856
55280
6128
79857
6129
79858
79859
79860
79861
38904
79869
79870
79871
55295
79872
55296
79873
55297
79874
79875
79876
79877
63493
79878
79879
63495
79880
79881
79882
79883
79884
79885
88078
79886
55310
6158
79887
55311
6159
96272
79888
63504
79889
63505
79890
79891
55315
79892
55316
79893
79894
79895
79896
79897
79898
137243
79899
79900
79901
79902
79903
79904
55328
79905
55329
79906
79907
145444
104484
79908
145445
96293
79909
63525
145446
79910
145447
79911
145448
79912
145449
79913
145450
79914
79915
55345
55347
55348
55349
6200
6201
88128
88129
55370
55371
38990
63570
63571
63572
63573
63574
63576
55384
55385
22618
63580
63582
63583
63584
63585
55394
63588
63590
55398
63592
88169
6250
63595
6251
63597
63600
63602
63604
63607
63608
63609
63611
71804
71805
63613
63615
63616
63617
63619
63621
63622
63623
63624
63625
14473
63626
14474
63627
63628
63629
96400
63633
63634
63635
6291
63637
6308
6313
63661
63662
6318
6323
80056
6328
80057
80058
80059
80060
80061
6333
80062
80063
80064
80065
80066
6338
80067
80068
80069
80070
80071
6343
80072
80073
104650
80074
80075
80076
6348
80077
80078
14542
80079
80080
6353
6358
6363
6368
6373
6378
6383
6388
6393
6398
80129
80130
80131
6403
153864
6408
153866
6413
153871
153873
6418
153875
153876
153877
153879
6423
6428
6433
6438
6443
6448
6453
104762
6458
6463
6468
153927
6473
6478
96593
137555
6483
137556
137557
6488
6493
153954
6498
153956
6503
153963
6508
6513
6518
145784
145785
145786
6523
145789
145790
6528
6533
153992
6538
153996
72079
22932
22933
22934
22935
22936
22937
22938
22939
22940
22941
72094
22942
22943
72096
22944
22945
22946
22947
22948
154027
154029
72109
22959
137648
22960
22961
22962
22963
14771
22964
22965
22966
22967
22968
22969
22970
22971
96700
72124
22972
22973
22974
22975
22976
22977
22978
22979
154052
22980
22981
154054
22982
22983
154056
22984
137673
22985
154058
22986
72139
22987
6603
22988
80333
22989
22990
154063
22991
154064
22992
6608
22993
22994
22995
22996
22997
6613
22998
22999
23000
23001
23002
6618
23003
23004
23005
23006
23007
6623
23008
23009
23010
23011
23012
6628
113125
23013
113126
6633
154093
6638
6643
154104
162310
162312
154130
23061
23062
88599
154138
162338
154164
154165
154170
154172
154174
154176
6721
154178
105027
6723
154180
154181
6728
113229
6733
113230
6738
113238
113239
6743
88668
6748
88669
6753
113250
80482
113251
162406
113263
113264
129656
88697
88698
113277
113278
6790
6791
113311
6819
146084
88740
88741
88743
88747
154297
154299
162492
154300
154301
154302
154304
162497
137925
6855
6856
113356
88781
154318
129742
113358
88783
154320
113361
154322
88787
113364
6868
64213
88791
64215
105176
6873
154330
88795
154332
154334
129758
6878
154335
88799
154337
154338
154339
88803
6883
154341
88807
129768
113387
88811
64236
129776
64241
64243
6905
6906
64254
154367
64256
154371
154373
154374
113415
113416
6922
15116
80654
64271
6929
64276
6936
64282
64284
6943
6950
64297
64299
6957
6961
6962
6964
154421
64313
6971
64319
154432
154434
6978
154435
154436
105284
154438
129862
64327
154440
154441
64329
6985
154442
64331
154444
15184
6992
154449
88915
64339
129876
64341
154454
88919
6999
154456
154457
154459
88923
7006
88927
129891
88931
129892
113508
113509
7013
113511
105319
88935
64359
105320
113513
105321
64361
105322
105323
88939
113516
105324
7020
105325
113518
105326
23406
105327
88943
113520
105328
113521
105329
113522
105330
105331
88947
64371
7027
129908
105332
105333
105334
113527
88951
64375
113528
64377
7034
88955
129916
88959
7041
105347
88963
105348
105349
105350
105351
88967
105352
7048
105353
105354
105355
88971
105356
105357
105358
105359
88975
7055
105360
105361
105362
105363
88979
105364
105365
105366
7062
105367
88983
105368
105369
105370
105371
88987
105372
105373
7069
105374
105375
88991
105376
105377
88995
113572
7076
113573
146342
88999
89003
7083
89007
23474
7090
89011
89015
7097
89019
154557
154559
89023
7104
154561
154562
89027
154564
154565
89031
7111
89035
113614
7118
113615
89039
130002
89043
7125
162775
89047
89051
162780
7132
89055
89059
7139
89063
7146
89067
130029
7153
7160
146428
113660
113661
7167
113664
113665
113666
113669
39941
113670
7174
80903
80904
80905
80906
80907
80908
80909
7181
80910
80911
39951
80912
39952
80913
80914
80915
80916
7188
80917
80918
7195
7202
15398
80935
80936
39976
80937
7209
80938
80939
80940
80941
80942
89135
80943
80944
7216
80945
56369
113714
80946
113715
89139
80947
80948
80949
80950
89143
80951
56375
7223
80952
80953
80954
89147
80955
80956
80957
80958
7230
89151
80959
80960
80961
80962
89155
80963
80964
80965
7237
80966
162887
89159
80967
154696
80968
80969
80970
89163
80971
80972
7244
80973
80974
89167
80975
80976
80977
80978
89171
80979
7251
80980
113749
80981
80982
89175
80983
130136
80984
80985
56409
80986
7258
89179
80987
89183
56417
7265
89187
89191
7272
89195
56428
89199
7279
89203
7286
89213
7293
56446
40062
56448
113795
113796
7300
146566
113799
113801
23689
146570
113802
146571
113803
23691
7307
146572
40076
23693
146574
146575
23695
162960
130192
146577
130193
23697
7314
89236
130197
56471
7321
40091
23709
23710
23711
23712
7328
56481
23713
113826
23714
56483
23716
56485
7335
40106
130222
7342
23731
23733
7349
113847
23735
56505
23737
23739
7356
89277
154814
154816
130243
7363
56517
56519
23752
23754
7370
23756
23758
23760
7377
23762
15570
23764
23766
23768
7384
163034
23770
163036
23772
81117
81118
56542
23774
81119
81120
56544
23776
81121
81122
56546
23778
81123
113892
81124
23780
113893
81125
81126
23782
81127
113896
81128
23784
113897
23786
56555
113900
23788
23790
56559
23792
23794
23796
23798
163064
23800
23802
23804
15612
56574
23806
163071
23808
23810
113923
81155
81156
23812
81157
81158
23814
81159
81160
23816
81161
81162
23818
81163
81164
23820
81165
81166
23822
81167
81168
23824
81169
81170
23826
81171
81172
23828
23830
113944
23832
130329
23834
23836
23838
23840
56609
72994
23842
23844
23846
23848
23850
23852
23854
130352
23856
154929
73009
154930
23858
154931
130360
73024
113990
113991
113992
113996
113997
113999
73039
40278
40279
23895
23896
23897
23898
73054
114022
89449
73069
154991
163195
73084
114050
114051
163206
163211
73099
40331
7563
7564
130446
73114
40347
155036
130460
146852
146853
146854
146855
146857
73129
146858
163246
163248
163249
163250
163251
73144
155077
73159
155082
155084
138703
138704
138705
7636
73174
163287
163291
7643
163292
114143
114144
130530
114146
7650
130531
130532
114148
130533
73189
114150
114151
155112
7657
114155
7659
7660
114157
114158
7662
114162
114163
7667
73204
155126
7672
7677
7682
73219
155143
163336
7689
89611
89612
155154
73234
130582
155159
155161
40474
40475
155166
155167
114207
114208
73249
89636
73264
40502
73279
114242
163395
163397
163402
147019
40523
163404
147020
147021
147023
163409
147025
147026
147028
147029
7770
114289
130676
114293
114296
155264
155266
130690
7820
7821
130703
114319
163483
163484
163485
40617
73386
163500
163502
163503
163504
40631
16055
16056
114377
114378
114381
114382
114385
155358
155360
130810
163598
155423
155424
89894
155437
40751
65331
106298
114498
114499
114500
114502
163660
114509
114510
114511
89935
130896
89936
114515
114516
163685
130917
163686
57193
147308
147309
147310
98163
147316
98164
147322
147323
147326
98177
155523
57220
147339
147340
147341
147344
147345
147346
57234
147349
147350
155544
90010
130972
90012
147357
130973
147358
130974
90014
130975
130976
90016
130977
57249
40865
130978
90018
147363
147364
90020
90022
147367
147374
147375
147376
90032
57264
57265
90034
90036
147381
147382
90038
90040
90042
139195
131003
139196
90044
147389
139197
139198
90046
139199
90048
139201
139202
90050
139204
90052
139205
90054
90056
147402
90058
147403
90060
147406
139214
90062
147407
139215
131024
90064
147409
147410
139218
90066
147411
139220
90068
139222
90070
139223
57303
147416
139224
90072
139225
90074
139227
147420
90076
114653
147422
139230
114654
90078
90080
139233
114658
90082
73698
147427
114659
139236
90084
139237
139238
90086
147432
139240
90088
147433
114665
147434
139242
114666
90090
139243
139244
90092
139245
114669
155630
147438
139246
114670
90094
147439
139247
114671
73711
90096
90098
139251
139252
90100
139253
139254
90102
90104
90106
90108
73724
90110
)


// ************************************************************************* //
