/*--------------------------------*- C++ -*----------------------------------*\
| =========                 |                                                 |
| \\      /  F ield         | OpenFOAM: The Open Source CFD Toolbox           |
|  \\    /   O peration     | Version:  v2012                                 |
|   \\  /    A nd           | Website:  www.openfoam.com                      |
|    \\/     M anipulation  |                                                 |
\*---------------------------------------------------------------------------*/
FoamFile
{
    version     2.0;
    format      binary;
    class       faceSet;
    arch        "LSB;label=32;scalar=64";
    location    "constant/polyMesh/sets";
    object      layerFaces;
}
// * * * * * * * * * * * * * * * * * * * * * * * * * * * * * * * * * * * * * //


12541
(
458752
212992
458755
212995
376837
212997
458760
213000
376841
458762
213002
458765
213005
458767
213007
376848
458770
213010
376851
213011
458772
213012
458775
213015
458776
376856
458777
458779
376859
213020
458782
213022
458784
376864
213025
458787
213027
376868
458790
213030
213031
213032
213034
458795
376875
376877
213037
458798
376880
213040
458803
376884
458805
213045
458808
213049
376891
458813
213056
376897
213059
458822
213064
213066
458827
376908
213069
213072
376913
458836
213077
213079
458840
376922
213082
213084
376925
458847
213087
458850
376930
213090
376934
458855
213095
213098
458860
376941
213103
213104
376945
213105
213108
458869
376952
458873
213113
376954
213116
376957
376959
458880
213121
376962
213123
458884
213126
376967
213127
213128
458891
213131
458895
376976
213136
213138
376980
213141
458902
458906
213146
376987
213149
376992
458913
213154
458917
213157
376999
213159
213162
377003
458924
213164
213167
458928
213169
377010
213172
213173
377014
213174
458935
213176
458938
213179
377020
213181
458943
377024
213184
213186
458948
213189
377031
213192
377033
377036
458957
213197
458960
377040
213200
458965
213205
377047
458968
213208
377051
458973
213213
458975
213216
458978
377058
377060
213221
458983
377063
213224
377066
213229
377071
213231
458992
377074
213236
458997
213238
377079
377081
213241
377084
213244
459006
377088
213249
459010
213251
213254
213256
459017
377098
213259
459020
213261
377103
213264
459025
213265
213266
459029
377109
213269
377113
213274
459036
213277
459040
377120
213282
377124
213285
459047
459050
213290
377131
213293
459055
377135
213298
459060
213300
377142
213303
377145
213305
213308
459069
377150
213311
377153
459074
213316
377158
213318
213321
459083
377163
213323
459086
213326
213328
459091
213331
377172
213333
459094
213336
377177
213337
213338
459099
213341
459103
377186
213346
213348
459110
377191
213351
213353
459114
213356
377199
213359
459121
377203
213364
459125
213367
377210
459132
213372
377214
213374
459136
213377
213379
377220
213382
459143
377224
213384
459146
213387
213389
459151
377231
213392
459154
213395
377236
459159
213400
213401
459162
213402
377244
459167
377248
213410
459172
377255
213415
377259
459181
213424
459186
377266
213427
377270
213432
213434
459195
377277
213437
459199
377280
213443
377285
213445
459206
377287
213448
459209
377290
213450
377293
213453
459214
213456
459217
377298
213461
459222
377302
213463
459226
213466
213468
377309
377310
377311
213471
213472
459233
377313
213473
459235
377316
213476
459238
459239
459240
377321
213481
213483
459245
213486
377329
213489
459254
377334
213494
213497
459258
213502
377343
213504
459265
377347
213507
459269
213509
213512
377354
213515
459276
377357
377359
213520
459283
377363
213523
213528
377369
213529
213530
377371
213532
377374
213535
459296
213537
377378
213540
459301
213543
377385
213548
377389
459310
213550
213553
459314
213555
377396
213558
213560
459321
377401
213563
213565
459326
213568
213569
377410
213570
213573
459335
377416
213578
459339
213580
213583
213585
459346
377427
459348
213588
459351
377431
213591
459354
213596
377438
459359
213599
459363
377444
213604
459370
213611
213614
459375
377455
213616
377459
213619
213621
459384
213624
459386
377466
213626
459389
377469
213629
213631
459392
377474
213634
213635
377476
213636
459397
213637
377478
213638
213640
459401
377481
213643
213644
213645
377486
213647
459408
377489
213650
459412
213652
377494
213655
213656
213657
377498
213658
459419
213659
213662
459423
377507
213667
377508
459430
213670
377511
459434
213675
377516
213678
377519
459441
459442
459443
213683
377524
213684
213685
459446
213686
377527
213687
213689
459451
377532
213692
459454
213696
377537
459459
459463
213703
213705
377546
213708
459470
213710
377552
459473
213713
213715
459478
213718
459479
459480
213720
459483
377563
213723
213725
377567
459488
213728
459491
213732
377574
459496
377578
459499
213739
213741
459504
213744
377585
213746
459507
377589
213749
213751
459512
213754
459516
377596
213756
377599
213759
213760
213761
459523
213763
377604
459525
213766
377607
213767
459528
213768
459531
213771
377612
459536
377616
213776
213778
459540
213781
213782
377623
213783
213785
377626
459547
213788
459550
213790
377631
213793
377634
459555
213795
213798
459559
377639
213800
377641
213803
377644
459566
213806
459568
377648
459571
213811
459573
213814
377655
459576
459579
377659
213819
213822
459584
459585
459586
377666
213827
377668
213828
213829
377671
213831
459592
377673
213834
377676
213836
377679
213839
213840
213841
459603
213843
377684
213846
213847
459608
377688
213848
213850
213853
459615
377695
213855
377696
377697
459618
213858
377699
213859
213860
213861
377702
213862
459623
213864
459626
377707
213867
459628
213870
459632
377714
213875
213877
459639
377719
213880
213882
459643
213885
377726
213887
459650
377730
213890
213892
459654
213895
377737
213897
213900
459661
377741
213901
213902
459663
213904
459666
213907
377748
213908
459669
213909
213911
377752
459674
213914
459676
213916
459679
377759
213919
213920
377761
213921
459683
213923
377764
213926
213927
377768
213928
459690
213930
377773
213933
459694
377776
213936
459701
377781
213941
213943
459704
377785
213946
213947
459708
213948
377790
459711
213951
377793
459716
213956
377798
213958
459720
213961
377802
213962
213963
213964
213965
459727
377807
377810
213970
459732
377815
377818
213979
459741
377821
459744
213984
377825
459749
459751
377832
213993
459754
377835
213996
459758
377840
214001
377843
214003
459765
459766
214006
459767
377848
214008
377849
377850
459771
214011
214013
377855
214016
459778
214018
459781
214021
214022
377863
214023
214024
214025
459786
377866
459787
214027
459788
214030
459791
377871
214031
214032
214034
459796
214037
377878
459799
214040
508955
459804
214045
459806
214047
459809
377889
214050
459811
377892
214052
459814
214055
377897
214057
459818
377900
214060
214062
508976
377905
214065
459826
459828
377908
214068
508983
377913
214073
214075
459836
377917
214078
459843
214083
377924
214085
377928
214088
459849
214090
459851
459853
214093
459854
214094
377935
214095
459856
214096
214097
459858
459859
214099
377940
509014
214102
459863
214103
214104
214106
509020
459868
377949
214109
459871
377951
214111
377954
214114
214115
214116
459878
377958
214120
459881
459884
377965
214127
377968
459889
459891
214131
377973
459894
459897
377977
214138
214139
214140
459902
214142
459903
459904
377984
214145
459906
214147
377988
459909
459910
214150
459911
214151
214152
459914
377995
214155
459916
377997
459919
378000
214160
459921
378003
214163
459924
459925
459927
378008
214168
214171
459932
378012
214176
378017
378020
459941
214182
459944
214184
378025
214187
214188
459949
378029
214190
459951
214191
214192
459954
378034
214194
378036
509109
459957
214197
378039
214199
459962
378042
214202
459963
214203
459964
214204
459966
214206
378047
214209
459971
378051
214211
214214
214215
378056
214216
378059
459980
459981
459982
509136
378064
214225
459987
378067
214227
509140
214231
459992
378072
214233
378076
214238
214239
460001
509155
378083
214243
460005
378086
214246
509159
378091
214251
460012
214253
378095
214256
460017
214257
214258
214261
378102
460026
214266
378107
214268
460031
214271
214272
214273
214275
378116
214278
460040
214280
378121
460043
214284
214285
214286
214287
460048
214288
378130
214290
509204
460052
214293
378135
214296
460059
509212
214301
214303
460064
378144
509218
214306
509219
378147
214308
214311
378152
460073
214313
378154
509228
460076
214316
378157
214317
214318
509232
378160
214320
460081
214323
378165
214325
378167
460088
214329
378170
214330
214331
509244
214332
509245
378173
214333
214335
378178
214338
214340
214341
378183
460104
214344
509259
460107
214349
214350
509263
214351
378192
214352
214353
378194
214355
460116
509269
378197
214358
460120
378201
214361
214366
509279
460127
509280
378208
460131
378211
509286
214375
378216
214376
509289
460138
378218
214379
509293
378221
214381
460142
378222
378223
214385
378226
460149
460151
378231
214391
214392
509306
460154
378235
214395
460157
214397
509310
509311
214400
460162
378242
378243
509316
378244
214404
460166
378246
509321
378249
509323
214411
509324
378252
460173
214413
509327
214416
460177
378257
214418
214421
509334
378263
214423
460184
509337
378265
214426
214427
460188
378268
214428
214430
378272
214433
460195
214435
460196
509349
460197
214438
378279
214439
509352
214440
460201
378282
509356
214445
509358
378287
460208
378289
509362
378292
509365
378295
214456
509369
460218
214458
509371
378300
214461
509374
214463
378304
509378
214466
214467
509380
460228
214468
378311
509384
460232
378314
214474
509387
214475
509390
214478
460239
378319
214480
378321
460243
214483
509396
378324
214484
214485
214487
378328
509401
460250
214490
214492
460253
378335
214495
214496
214497
509410
460258
378338
509411
214499
509413
509414
460262
214502
509415
378343
214504
509419
214507
378348
214508
460269
509422
214511
460272
214514
509427
509429
460277
378357
214519
509432
460280
378361
214521
214524
509437
460285
214525
214526
378367
460288
214528
378370
509443
214531
509444
460293
214533
509446
509447
378375
214536
214537
509450
378378
214538
214540
460301
509454
378383
214544
214546
509459
378387
509461
460309
214549
214550
509464
214552
460314
378394
214554
214557
378398
460319
214559
460321
214562
214563
214564
378405
214566
378407
460329
214569
509482
378410
214570
214571
378412
214572
509485
214573
214574
378415
214575
509488
214576
214577
460338
214578
214579
378421
214581
509494
509495
460343
214584
214586
378427
509501
214589
214590
214591
509504
460352
214592
214593
460355
214595
509508
378438
214598
214599
460360
214600
378441
214602
460364
214605
378446
378448
214610
460371
378451
378453
214613
460375
214615
378456
509529
214617
509530
378458
214619
378461
460382
214622
509535
214623
214624
378465
214625
214626
460387
214628
214631
378472
214632
214633
214634
378475
214635
460396
214636
214637
460399
378480
214642
378483
460404
460407
378488
509561
509562
214651
460412
509565
378493
214656
509569
460417
509570
378502
378504
214665
460426
378507
460430
214670
509583
378511
460437
378518
214679
378521
214684
460446
378526
460447
460448
378529
460452
378534
378537
214697
460459
460462
378542
460467
378547
214707
214711
460475
378556
214718
460479
378559
214722
378564
460486
378568
460489
214729
214733
460494
378575
460496
460499
378580
214740
460503
214744
378589
460510
378591
214751
460514
378595
214755
378598
460521
214762
378603
460524
378606
460529
378611
460532
214772
378615
460537
214777
460540
378622
460545
214786
378628
460550
214791
460552
460555
460558
378639
378641
460563
378644
214806
378647
460569
460572
378652
214816
460577
378657
214821
460582
378666
378669
214830
460591
378674
460595
214835
378678
460602
378683
214844
460606
378686
214849
378691
460613
460615
378695
460618
214858
378700
460621
378702
214863
378705
460626
378708
460629
214872
378713
460634
378715
460636
378718
378721
214881
460643
460646
378726
214886
378728
460651
378731
378734
214895
378739
214899
460661
378742
460666
214906
378747
378749
460671
214911
378752
460676
378757
214920
460683
214925
378766
460687
378770
460692
214934
460696
378777
378779
214939
460700
378782
460703
460704
460705
378785
378790
460712
378792
214953
378795
460717
378798
378803
460724
460727
378807
214967
460732
378812
460734
378816
460737
460739
214980
378823
460744
214985
460747
378827
460752
378834
214994
460755
378836
378839
214999
460760
378841
460762
378844
460765
378846
460768
215008
378849
378852
460773
215013
378854
460775
460778
460779
378859
460780
460782
378863
460785
215026
460788
378870
460793
378873
460796
215037
378878
460801
378881
215041
460804
215048
460809
378890
460812
215052
378895
460817
378898
460819
215059
460822
378902
460825
378906
215067
460830
378910
215071
460832
460835
460837
378917
215078
460840
378920
215083
460844
378925
378930
460851
215092
460854
215096
460859
378939
460861
378941
215103
460864
378944
460865
460866
378947
215107
460869
378952
460874
378954
215114
460875
460876
378957
215118
460879
378960
460884
378965
215127
460888
378968
215130
378973
460895
378975
215135
460896
460897
378978
215138
460899
378980
460902
378983
215143
460904
378986
460907
215147
460910
378991
378993
215154
460915
460916
378996
460917
215158
379000
215165
379007
215169
379010
460933
379015
460936
460937
379017
215179
379020
460941
379021
379022
215183
379024
379027
460948
379030
215190
460953
379035
215195
379037
379040
460962
460964
215204
379045
460967
215207
460970
215212
379054
460975
215215
379056
379059
215220
460981
379062
379067
460988
215228
460989
379071
460992
215232
460997
460998
379078
460999
379079
215239
379080
379081
379082
215243
461004
379085
461010
379090
215250
379093
215254
379098
461020
379100
215261
461023
215264
379105
461026
461029
215269
215273
461034
379114
461036
379118
461039
215280
461042
215284
379125
461047
379127
461049
379130
215291
461052
379133
461054
215295
461057
379138
461059
379140
461062
215302
461063
379143
461064
379145
215305
461067
379150
215310
461072
379153
215314
461075
461078
379158
379161
215321
215325
461086
379166
379169
461090
461092
215332
379174
461095
215335
461096
461097
379179
461100
215340
215343
461105
461107
379188
215348
461110
379190
461112
215352
379193
461115
379196
461117
215359
461120
461121
379201
461122
215363
461124
379204
461127
379207
461129
215370
461132
461133
215373
461134
379214
461136
379216
215378
461139
461140
379220
461141
461143
379223
461146
461148
379228
215388
461151
379231
461152
461153
215393
461154
379236
215396
461157
379240
215401
461162
461163
461164
461165
215405
379247
461170
379251
215412
215415
461176
379258
379259
379260
215420
461182
461183
379263
215423
461187
379268
215428
461189
461192
379272
215432
461198
379279
215439
461200
215442
461203
379283
461204
215447
461210
379290
215450
461211
379292
461213
379295
215455
461216
379296
379297
461219
379300
461224
379305
461226
379307
215468
461229
461230
379310
461231
215471
379312
461234
379315
215476
379318
461239
215480
461241
379321
461244
379326
461247
379327
215487
379329
215491
461252
379332
461254
379334
461257
379337
215498
461259
379340
461262
215503
461264
379345
461267
379348
461270
215512
379353
461275
379355
215516
379358
461279
379359
379360
379363
215523
461286
215526
461288
379368
461291
215531
379372
461293
215535
461296
461298
379379
461301
215542
379383
215545
461306
379390
215550
379391
379392
215552
461315
379395
215555
461317
215559
461320
379400
461322
379404
461325
215566
461328
215569
379411
461333
379415
461336
215580
461341
461342
379422
461343
461344
461345
379425
461348
379430
379431
379432
461353
461356
379436
461361
461362
215602
461363
379443
461364
461365
379446
461368
379451
215612
461373
461374
461375
379455
461377
461380
461382
379462
379464
461385
215625
461387
379467
215629
461390
379471
461392
461395
215636
379478
379482
215642
461403
379489
215650
379491
461412
379494
215654
379497
461419
215661
379502
461423
379503
215665
379506
461430
379511
215672
461434
379515
215675
215680
461441
461442
379522
461443
215683
379524
461446
379527
215688
379529
461451
215691
379532
461454
379535
215696
461459
215699
379540
461464
215704
379545
215707
379548
215712
461473
379553
461475
215715
379556
461478
379558
461480
215720
379561
379563
215723
461485
379566
379568
215728
461489
215730
461491
379571
215733
461494
379574
215738
461499
379579
461501
215741
379582
461504
461506
215746
379587
215747
461509
379590
461511
215753
461514
379594
461516
461519
461521
379601
461524
379604
215764
215766
461527
379609
215769
379610
379611
215771
461532
379613
461534
215774
379616
461537
215778
461539
379619
461542
379624
461545
215785
379626
379629
461550
215790
461551
379631
461552
379634
461556
379637
215799
379642
215802
461563
379644
461566
379647
215807
379649
215810
461571
461572
379652
461573
461575
215815
379656
215819
461580
461583
379663
379666
215826
461587
215830
379671
461594
461596
379676
215837
461598
461600
215840
461601
461602
461605
379685
215845
379689
215849
461610
461612
461615
379696
215856
461617
379698
215859
461620
379701
461622
379703
215864
461625
461626
379706
461627
215869
461630
379710
461635
461637
379717
215878
461640
379722
461644
215889
461651
379731
461654
379734
215895
461659
379739
461660
215900
461661
379741
461663
379744
461666
461667
379747
461668
215909
461670
379752
461673
215913
379755
461677
461680
379760
215920
379761
379762
379763
215923
379764
461685
379766
461687
215928
379769
461690
379772
215932
461693
379777
461698
379779
215939
461701
379782
215944
461706
461707
379787
461708
461710
379791
461713
215953
461716
215956
379798
379800
461721
215961
379803
215964
379805
461726
379808
215969
379810
379813
215973
461735
379815
461736
461737
379818
461740
379820
215980
379823
215984
461745
461746
461747
379827
461749
215991
461752
379834
215994
461755
379836
379839
215999
461760
379841
461762
379844
216004
461765
461766
461767
379847
216007
461769
461772
216012
379854
461775
379856
461780
379860
461781
216021
461782
379862
461784
216024
379865
461787
379868
461789
216029
461792
379873
461794
216034
461797
379877
461798
461799
461802
216043
379884
461807
216047
461808
379888
461809
461812
216054
379895
461817
379897
461819
379900
216061
461822
379903
216064
461826
379908
216069
379910
461833
379913
216074
461835
379915
461838
379919
461841
379921
216083
379924
216085
461846
461847
379927
461848
216088
461849
461850
461852
379932
216092
461855
461856
379936
461857
461858
216099
461863
379943
216103
461865
379945
461868
379948
379950
216110
461871
216112
379953
379955
216115
461876
461877
461878
379958
216118
461879
379960
461883
379963
216123
379966
461887
461888
379968
216128
461889
379971
461893
379974
216137
461898
461899
379979
461900
379982
461903
216143
379987
461908
216149
461911
379992
461916
216157
461919
380001
216161
461924
216165
461926
380006
461929
461930
461931
216172
461934
380015
216176
380018
461939
461941
380023
216183
461944
380025
461946
216186
380028
461949
380031
216191
461952
380036
216196
461957
380039
461960
380044
461965
380045
216205
380046
380047
216207
461968
380048
380050
216210
461973
380053
216213
461976
380057
216218
461981
461983
216223
380064
461986
380066
461988
380069
461991
380071
216232
461993
380074
461996
380076
216236
461997
461998
462000
380081
462003
216243
380084
462005
216246
380087
462008
462009
462010
380090
462011
216251
462012
462014
216254
380095
380098
462019
216259
216261
462024
216264
380106
462027
216268
380109
462032
462034
380114
216275
462037
380117
216278
462039
462042
380122
216283
462046
216286
380127
216291
462052
462053
462054
216294
380136
462057
380138
216299
380141
216301
462062
380143
462064
216304
380146
462067
216307
380148
462069
380151
462072
380153
462074
380156
462077
216317
462078
380159
216320
380164
462085
216325
462086
380166
462087
462088
216328
462089
380169
462091
216333
462094
380174
462095
462096
462098
216338
462101
380182
462103
380184
462106
380187
216347
462108
380189
216349
462111
462112
380192
216352
462113
462114
462115
216355
462117
380198
462120
216360
462122
216364
462125
462127
380209
462130
462131
216371
462132
380212
462133
462134
216374
380217
380219
216379
462140
462142
380222
216382
462144
462145
380225
216387
462150
380230
462151
216391
380232
462153
380235
462156
462157
380237
216398
380240
462161
216401
380243
462166
216406
462167
462168
380248
462169
216409
462170
380250
462172
380253
216414
462175
380255
216416
462177
380258
216419
462180
462181
380261
462182
216422
462183
462184
380266
216427
380268
462189
216429
380271
462192
216432
462193
380273
462195
380276
216437
462198
462199
380279
216439
462200
462201
462202
216442
462203
462204
380284
216445
380287
462208
216448
462212
380292
462213
216453
462214
380294
462217
380297
216458
380299
462220
462225
380305
462227
216467
380309
462230
216470
462233
380315
216475
462238
380319
216479
462240
462243
462246
380326
216486
216488
380329
462251
216491
462253
216493
380334
462256
380336
216496
216498
380339
462260
216501
380342
462267
380347
462269
380349
216509
462272
380352
216513
462274
380354
462277
380357
462279
380359
216519
462282
380362
216523
380366
216530
380373
216535
462296
380377
462299
462304
380384
216544
216547
380389
216552
462313
216554
216557
462318
380398
216560
380403
216565
462327
216568
462331
380412
380413
216573
380414
380417
462338
462340
216580
380422
462343
380424
462347
380427
216591
380432
462354
462358
380441
380443
462365
216605
380446
380448
216608
462369
380451
380453
216613
462376
380456
216616
462379
216621
380462
462384
380465
216625
462389
380470
216632
380475
216635
462398
216640
462401
380484
216645
462406
380486
462409
380489
462413
380494
216654
216659
462420
462423
380503
380505
462428
380508
216668
216671
462432
380512
216676
462439
380519
216679
380522
462443
216684
380527
462450
380532
216692
462454
462457
216698
216700
380541
462462
216703
462465
216705
380546
216708
462470
462472
216713
462475
380555
462477
380559
462480
216722
462485
380566
216727
380570
462494
216736
380577
380578
380579
216739
380583
216744
462505
216747
462508
380590
380591
380592
216752
462513
462516
216756
380597
462521
462523
216763
462526
380606
216767
380610
462532
462534
216774
216776
462537
380617
216779
462542
380622
216782
216787
462548
462550
380631
216792
462555
380635
462558
216801
380642
462563
462565
380646
216806
462568
462569
462570
462572
380653
462575
216815
462578
380658
216818
462583
216823
462584
462585
216826
380667
462588
216831
380672
462593
216834
462596
216839
462601
380681
216842
380684
462605
216847
380689
216851
462612
380693
462615
216858
462620
380700
216860
216863
462624
380705
216868
462631
462633
380714
462636
216877
462638
380718
462641
216881
462642
462643
462645
380727
462648
216888
462649
462650
216890
462652
380732
216893
462655
216896
462658
380741
216901
462663
380745
216905
462666
462671
462672
380752
216912
462673
462674
462675
380755
216915
462677
462680
380760
216920
462683
380763
216924
462688
380768
462690
216931
462693
380773
216933
462695
216936
462698
462699
462700
216941
380782
462703
380786
462708
216950
462711
380793
216954
462716
462718
380798
462721
216961
462723
216963
462726
216966
462727
380807
462728
216969
462732
380812
216974
216978
462739
380821
216985
380826
462747
216988
462751
462753
216993
380835
216995
462756
216998
380839
216999
462760
217000
380846
462767
217007
217008
380850
462772
217013
380857
462781
380861
217022
462783
462786
217026
380868
462789
380869
380870
217033
462794
380875
217035
462797
217038
217040
462802
217043
380884
462806
217047
380888
462813
462814
217054
462815
380895
462817
217057
380899
462820
217062
462823
217065
380906
462828
462829
462830
380910
217070
462833
217073
462838
380918
217078
217080
462841
380923
217083
462846
217087
462849
380932
462854
217094
462856
380937
217098
462859
462860
462861
462864
217105
380946
217106
217107
462869
462870
217110
462871
380951
217115
462876
217117
380960
217120
380962
217122
380965
217125
462886
462887
217128
462889
380969
462892
217133
462895
380976
217136
462900
380980
462901
217141
462902
217145
462906
380987
380990
217152
462913
217154
462915
380995
217157
462918
381000
462921
217165
462926
462928
381009
217170
462931
217171
381012
217172
462933
217175
462936
381017
462938
381020
217180
462941
217181
462942
217182
462943
381025
217185
462946
462950
381030
217190
462951
462952
217192
462954
217195
462957
462959
381039
217199
462962
462963
381043
462964
462965
217206
462968
462969
462970
381050
217210
381052
462973
381055
462976
217217
217218
381059
217219
462981
217222
462983
462986
381066
217227
462989
381070
217230
462994
217235
462997
381077
217238
381081
463002
217243
463004
217244
217245
463007
217247
381088
463009
217250
463012
381092
217254
463015
381099
463020
217261
463022
381103
217263
463025
217266
463027
463030
381110
217270
463031
381112
381115
217277
381118
217281
381123
381126
217288
217289
217290
217292
381135
217295
381139
217299
217306
381150
217310
381153
217317
381158
217319
381162
217322
217324
217327
381169
217330
381172
217335
381177
381180
217340
381185
381188
217349
217351
381193
217354
217356
381197
217359
217363
381204
381206
381209
217370
217372
381213
217375
217377
381220
217380
381223
217384
381228
217391
381232
217395
381239
381242
217402
217403
217404
381247
217407
381250
217412
381255
217415
381257
381260
217420
217421
217422
381264
217424
217427
381271
217431
381274
217438
381279
381282
217443
381287
381291
217452
217454
217457
381298
217458
217459
381302
217462
217467
381309
217470
381313
217475
217479
381320
381324
217486
217487
217488
217490
381331
381333
217493
381336
217497
381339
381344
217504
381347
217508
381352
217515
381356
217518
381363
217523
217525
381367
217528
217531
381374
217536
381378
217541
381385
381388
217550
217552
381393
217555
381396
217557
217560
381401
217563
381405
217568
217570
381412
217573
381415
217575
217579
381420
381423
217583
381428
217590
381431
217595
381436
381439
381444
217604
381447
217607
381452
217612
217614
381456
217617
217620
381463
217625
381466
217628
381471
217633
381475
217636
217641
381482
217644
381485
217649
381490
381493
217653
381498
381500
217660
217662
381503
217665
381507
217667
217670
381514
217674
381517
217681
381522
381525
217685
381530
217692
217695
381537
217700
217701
217702
217704
217707
381550
217710
381553
217715
381558
217719
381562
217726
217727
217728
381569
217730
381572
217733
217737
381578
381580
381583
217744
217745
381586
217746
217747
217748
381591
217752
381594
381599
217759
381602
217762
381607
217767
217769
381610
217772
217773
217774
381615
217776
381617
217779
381620
217781
381623
217784
217785
217786
381628
217788
217791
381632
217794
381639
217799
381640
381641
217802
381645
217807
217809
381652
217812
381654
217814
381657
217817
381660
217820
381665
217825
217826
217827
381668
217828
217831
381673
381675
217836
381678
217838
381681
217841
217842
217843
381686
217846
381690
217851
217853
217856
381697
217858
381701
217861
217864
381708
217869
217870
381711
217871
217872
217873
381716
381718
381721
217881
381724
217885
381729
217889
381733
217896
381740
217900
381743
217907
381748
217908
217909
381752
217912
217917
381759
217919
381761
217922
381764
217925
381766
381769
217930
217932
381773
217935
217938
381780
217943
381784
217944
217945
217947
217950
381791
381794
217954
381799
381801
217961
381804
217964
381807
217969
217970
217971
381812
217973
381814
217976
217978
381820
217981
381823
217985
381828
381831
217992
217993
217994
381836
217996
381839
217999
218002
381844
381847
218007
218008
218009
381852
218013
381855
512932
381860
218020
381863
218023
381868
218028
218030
381871
218033
218034
218035
381876
218037
381878
218040
381881
218041
218042
381883
218044
381886
381887
218047
381888
512961
381889
218049
381890
218052
381893
218055
381898
218060
381901
218063
512977
381906
218068
512981
381910
218071
381913
512986
218076
381918
218079
381920
381923
381924
218084
381925
381927
218087
381932
218092
218093
381934
218094
218096
513010
381939
218099
381940
381941
218103
381944
218106
381949
513023
218111
381952
513027
381957
381958
218118
381959
513032
381960
218121
513034
218123
381966
218126
513040
381968
513042
218130
381973
381977
218137
480285
218141
513054
381983
480290
381986
218148
218149
218150
381992
480297
218153
381997
480302
218158
218162
382006
480313
218169
382011
480316
218172
480321
218177
513091
218179
382020
480325
218182
218183
218184
382025
382027
218187
480332
382030
480336
382032
218192
382035
218195
513108
513110
382038
480343
218200
218201
218202
513115
382043
513116
480348
218204
382045
513118
218207
513120
382048
382049
218209
513122
382051
513124
218212
480357
218213
382054
218214
513127
513130
480362
218218
382059
382061
513136
382065
218225
480371
218227
382068
513141
513142
218230
480375
382074
218234
513147
382076
480382
513151
513153
382081
513155
480387
382084
513160
382089
218250
382091
480396
382094
513167
382096
218256
480401
513170
218260
513173
382101
382103
513176
480410
513179
218267
382108
480414
382110
218271
513184
513187
382115
480421
382118
218278
513192
218280
513194
382123
218283
480428
382124
513197
480429
480430
382126
218286
480432
480434
382130
382132
480439
382135
218296
513211
382141
513214
480448
218304
382145
513218
218306
218309
480454
382150
513223
513224
218312
382157
218317
218319
513232
382160
480465
218322
218324
513237
480469
382165
218327
382168
513242
218330
480476
513247
480479
382175
218335
218338
513252
480484
382180
218343
480488
382185
218347
218349
382190
480495
382192
218352
513265
480499
382195
218357
382198
218358
513272
382201
218361
513274
480506
513277
382205
218366
480511
513282
382212
218372
513285
382213
382214
480519
513288
382216
218376
513289
382219
513292
480524
513296
382224
218385
218388
513301
480533
382233
218393
480539
218395
513308
382236
218398
513312
382241
218401
382244
513318
480550
218406
382249
218409
480554
513323
382251
513325
382254
218414
480559
513328
218416
513329
382257
513331
218419
480564
218421
513334
382262
218424
218425
513338
382266
218426
513340
480573
218429
513342
513344
513345
382273
513346
480578
382274
218434
382275
218436
513349
382277
480582
218439
382280
218440
513353
382281
382282
513356
218444
513357
480589
382285
218448
382290
218450
480595
513364
382293
218453
218455
513368
382298
218458
480603
382299
218459
382300
218460
382301
218461
382302
218462
480608
382304
218465
513378
382307
218467
513381
382309
218470
513383
218471
382312
218472
480617
382313
382314
218475
382317
480622
218480
382322
218483
382324
202101
480631
382327
218488
218489
382330
218490
480636
218492
382335
218495
218496
218497
382338
218499
202116
480645
218502
382343
480648
382345
218505
382348
480653
382350
218510
218511
480656
218512
382353
218513
382355
218516
480661
382358
202135
480665
382362
480671
218528
382369
480675
382373
202149
480682
218538
382380
480685
218542
382384
480689
202161
218546
480691
480694
218550
382391
382392
480697
382393
202169
382396
218557
480702
202174
218559
382401
218562
382404
218565
480711
202184
382409
218570
480716
382412
218572
218575
382417
218577
382420
218580
480725
202197
218582
480729
382425
218585
218586
218587
202203
382428
218588
218589
218590
218591
480736
382433
218594
382435
480741
382438
202214
382439
218599
382440
218601
382443
202219
480750
218607
382448
218608
480754
382451
218612
202228
382456
480761
202233
382459
218619
218621
480766
382464
218624
218625
382466
218626
202242
382469
480775
202247
382473
480779
218636
218639
382480
202256
480785
480787
382484
218644
218645
480790
218646
202264
480793
382491
480796
218652
202268
382493
480799
218655
382496
382498
480803
218660
382501
480807
218663
382506
382508
218668
202284
480814
218670
382511
480817
218673
382514
218675
480822
218678
382519
218680
202297
480826
382523
218683
218684
218685
218687
480833
382530
218690
218691
382532
218692
480839
382535
218696
382537
382540
202316
382543
218703
480850
218706
202322
382548
480854
382550
218711
382553
218713
382555
218716
480861
218717
382558
218718
382559
382560
480865
218721
382562
202340
382565
382566
218726
382567
480872
218728
202345
382570
218731
480877
218733
382575
218736
382579
218740
480886
218742
218745
382586
218746
480891
382587
218747
382588
218748
218749
382590
218750
218751
382593
218753
382595
480900
218756
202373
382598
218758
480903
382600
218761
382603
218763
480908
382605
218766
480911
202383
382608
218768
382609
382610
218771
480916
218772
218773
382615
218775
480920
202393
218778
218779
218780
480927
218783
382624
218785
202403
480932
382628
218788
218789
218790
218792
202410
382635
218795
480941
382637
218797
480944
382640
218800
218801
218802
382643
218803
218804
480949
218805
480951
202423
382648
218808
218809
480954
218810
382651
218811
218812
480957
218813
202429
480960
382656
480961
218817
480964
382660
218824
480969
202441
480970
480971
382667
218827
382669
366285
480975
382672
218832
382674
366290
218834
382677
218837
480982
218838
382679
218839
382682
218842
366299
480988
202460
382685
218847
366305
382690
218851
382692
366310
202470
480999
382695
382697
218858
481004
382700
218860
382702
366319
218863
382705
218865
382708
218868
481013
218869
366326
218870
218871
218872
481017
382713
366329
218875
202492
382717
481024
218880
366338
218883
382724
481029
382725
382726
366343
382728
218888
202504
218890
382731
382733
218893
481038
218895
382736
481041
366354
218898
382739
382741
218901
481046
202518
366359
382744
202521
481050
218906
218907
382748
218908
218910
366368
481057
218913
202529
218914
382755
218915
481060
382756
218916
382757
218917
382759
218920
481065
366377
382762
481068
382764
202540
218925
366382
382767
382768
481073
382769
218931
382772
481077
366391
218935
202551
382777
481084
382780
366396
202557
481086
218942
218944
481089
382785
382786
382787
218947
382788
481093
218949
382790
202566
366408
218952
382794
218954
481100
202572
366413
218957
481103
218960
382801
481108
382804
218965
366422
218967
481112
382809
218970
382811
202588
218973
382814
481119
366431
382816
218978
481123
382819
366435
218979
382820
218980
382821
202597
218982
382824
218985
481130
366444
382829
218989
481134
202606
382831
218992
366449
382834
481141
382837
218997
218998
218999
219000
481145
219001
382842
382845
366461
202622
481152
366465
481154
382850
202627
481157
382853
481159
366471
481162
382858
366475
382860
202637
481166
382863
382865
366482
382868
481173
382870
481177
382873
382875
366492
202652
382878
382879
481184
382880
366496
481186
382882
202660
481189
382887
481192
366505
382890
382892
481197
366509
382895
481201
202673
382898
366516
382903
481208
382905
366523
481212
382908
382910
366527
202688
382913
481219
382916
481222
366534
382921
366538
481227
382923
382926
481231
202703
514000
382930
366547
202707
514006
481238
366550
382937
481243
366555
514012
382941
366559
481250
382948
202725
481254
382950
366566
514024
514025
382953
366570
202730
382955
481261
382958
481263
366577
481266
382962
366580
514037
481272
382969
202745
481274
366587
514044
382972
481277
202750
366591
514048
382977
481282
382981
202759
366601
481291
382988
366604
382989
202765
382990
481297
382993
366611
514070
382998
366615
514072
383000
202776
383003
481308
383004
383005
202781
383006
366622
383007
481313
383010
383011
366628
481317
383014
202790
383017
366633
202795
514092
481324
514094
383022
514096
481329
383025
366642
202804
383030
383031
366647
383032
481337
202809
383034
481340
383037
383040
366656
481345
202818
481347
481348
383045
366661
481351
383047
202824
383050
383051
481356
383052
366670
481359
383055
202835
481364
383060
366677
481366
383063
202840
366681
481370
383068
383070
366688
481377
383073
202849
481380
383076
202854
481385
383081
366697
383084
481389
366701
202862
383089
202867
481396
366708
383093
481399
366712
481404
383100
202876
383103
366719
481408
202880
383108
366724
481415
202887
383112
481420
202892
366733
383119
383122
366738
481429
202901
481431
383127
481434
202906
383131
366747
481438
366753
383138
383139
202915
383140
481445
383142
202920
481449
383145
383148
366764
202927
481456
383153
481458
366770
383156
202932
481461
481463
383161
481466
383162
383163
202939
383164
481469
383165
366781
202943
383168
481474
366786
481477
383173
202950
383177
481482
481483
366795
202955
481484
481487
383184
366800
383185
383186
481492
383188
202964
481494
383191
481497
366809
202969
383194
481499
481502
383199
481504
366816
383201
202978
481507
383204
481510
383206
202982
383209
481514
383211
366829
202989
481518
383214
383215
383216
366833
202994
481525
383221
366840
481529
383226
383227
203003
366844
383230
481535
203008
481537
383235
366851
481540
481541
383237
481543
383240
203017
481546
366858
383243
481551
366863
203023
383248
383250
383253
481558
383255
366872
383258
203034
481563
366877
383262
203039
383269
481574
366886
383271
481576
366888
203048
481578
383274
481581
383277
203053
481586
383282
366899
383284
203062
481591
383287
366904
203066
383291
481599
366913
203073
481602
383298
383301
366917
481607
203079
383306
481611
383308
366924
383311
366928
481618
203090
383315
481622
366935
203095
383322
481629
366941
383326
203103
481632
481635
366948
203108
383333
481638
383335
366951
383338
481643
366956
203116
383341
481647
366961
383346
203122
481653
383349
481658
383354
366970
383355
383356
383357
203133
383358
366975
383360
203137
481667
383363
383365
481670
383368
366984
203144
383369
481675
383372
366988
203149
481679
383375
383378
366995
481686
203158
383383
367000
481690
383386
203163
383391
481697
367009
383394
203172
481702
383399
203175
367016
481705
383401
481706
383404
367020
203180
481709
383406
203184
383409
481714
383410
383411
367027
383413
481718
203191
383416
383419
203195
367036
481725
481727
383424
367040
481730
383428
367045
481734
203208
383435
203212
481741
383437
367054
481744
383440
383442
367059
203219
481749
383445
481752
383448
203224
367068
481757
383453
481760
383457
203233
367074
481765
383464
481769
383465
203241
383466
383468
203244
367085
481775
383471
383472
383473
203249
481778
383474
383475
383478
203254
481783
367097
481786
383483
383485
367102
481791
203263
383488
383489
383490
481795
203267
383492
383495
367111
383496
383497
481802
203274
481803
383500
367116
481806
203278
383505
481811
203283
383509
367125
481814
203287
481819
367131
383516
203292
481822
383518
203296
383521
481827
383525
367142
481831
203303
367147
203307
481836
383532
481839
383536
203312
481844
367156
203316
481847
383543
367160
383545
203322
481852
383548
481855
383551
367167
203328
481860
383556
367172
481864
383560
203339
367181
481871
383567
383568
367184
203344
383569
481874
383571
383574
481879
367191
383577
367193
203353
481882
481885
203357
383582
383585
481890
367202
203363
383590
367206
383591
203367
383592
383593
383594
481899
367211
383597
203373
481902
367216
203376
383602
481908
383605
203381
481911
367225
203385
383610
481916
383612
367230
481919
383615
383616
203392
383617
481923
383619
203397
481926
383622
383623
367239
383624
481931
383627
367244
481933
383630
203406
481936
383633
481939
203411
367253
383638
481944
383640
367258
481947
383643
203420
383645
481952
383648
203424
383650
367267
481956
383653
383654
383655
367271
203431
383657
481963
481964
383660
481965
367278
481967
383663
481970
367283
481972
383668
481975
383672
481977
481980
367292
481983
383679
367296
203456
383682
481988
481990
383687
383688
481993
383689
367306
481995
383691
481998
383694
367310
383696
482002
383699
383701
367317
203477
383704
482009
367321
482011
383707
482014
367327
383712
482017
383715
367332
203493
482022
383720
383721
482026
383722
203498
383723
383724
367341
383727
383728
482033
367346
482035
383731
383732
482038
383735
482041
482043
367355
383740
482046
383742
482047
482048
367360
383745
203521
482051
383748
203525
482056
383753
367369
482059
383755
383758
367374
383759
482064
383760
482067
383763
203542
367383
482072
383768
482074
367387
383772
482077
482080
383778
367394
203554
383780
482085
383783
367399
482088
383784
203562
383788
482093
482095
383791
367408
383795
482100
367412
383797
203574
482104
383800
383803
482109
367421
482112
383808
383810
367427
203587
383813
482118
383815
203592
482122
383818
367434
383819
482124
383820
383822
482127
367439
383825
203601
383827
482132
383830
203606
367448
383833
482141
367453
383838
203615
383840
482145
383843
383844
203620
383845
367462
383847
482152
482154
383850
383852
367468
482157
203629
482159
383855
482162
383858
203635
482164
482167
383863
367479
482170
383866
367483
203646
482175
383871
482178
367490
383875
203651
482183
367495
482186
383882
383884
203660
482191
383887
367504
383889
203665
482195
367507
383892
383897
482202
203674
482203
482204
367517
482206
203679
482209
383906
367522
482211
383909
482214
203688
482217
383914
367531
383916
203693
482222
383919
367536
482225
383921
383924
482230
203702
482232
383928
367545
482235
203707
482237
367550
383935
482240
383938
482243
203716
383943
367559
482248
383944
383945
203721
482250
383947
482253
383950
367566
482255
482257
383953
203730
482260
383958
203735
383960
482265
383963
367579
482268
383966
367583
203744
482273
482275
383971
203749
482278
383974
367590
482279
482280
482282
383979
383980
482285
383981
367597
383982
203758
482287
383983
383985
203761
482290
383989
482294
383990
203766
383993
383994
367610
383995
203771
482301
383997
482302
367614
482303
383999
482306
384002
384004
203780
367621
482311
384007
367624
482313
384009
203785
482316
482317
384013
482318
482319
482320
482321
367633
482322
384018
203794
482323
482324
482325
482326
384022
482327
367639
203799
482328
482330
482333
384029
482336
384032
367648
203808
367652
203812
482341
384037
482343
384039
482346
384042
384043
367659
203819
482348
384044
384045
384046
482351
367664
482353
384049
203825
482356
482357
482358
384054
482360
384057
367673
482363
203836
482366
384062
367678
203841
384066
482371
482373
367687
482376
384073
482378
203850
384076
367692
482381
482383
203855
384081
482386
482387
482388
384084
367701
482390
203864
482393
384089
384090
367706
482395
384091
203869
482398
384095
482401
367715
482406
384102
203878
367719
384104
482410
203882
384107
384110
367726
482417
203889
482419
384115
367731
384117
482422
203894
482423
482424
384120
482427
384124
367740
203903
482432
482434
367746
384131
367748
203908
482437
384134
482439
482442
384139
367755
482444
384140
384141
203917
482447
384143
482448
482449
384146
367762
203922
482451
384148
482454
384151
482457
384154
203931
482462
384159
367775
203935
482464
384162
482467
367780
482469
203942
384167
482472
384168
384169
384170
482475
384171
203947
384172
384173
367789
384175
482480
367793
384178
482483
384180
203956
384183
482488
367800
482489
384185
203961
482490
482491
482492
384188
367804
384189
482494
384190
482497
384193
482498
203970
482499
367811
384198
367814
203974
482503
384200
384203
367819
384205
203981
482510
367823
384208
482514
384210
203986
384213
384215
482521
367833
384218
203995
367836
482526
384222
203999
367841
384229
204005
367846
482535
384231
367849
384234
482539
204012
384238
367854
204016
367857
482546
384245
482550
384246
367862
384247
204023
384249
367866
384252
204028
482557
384254
482560
384257
384258
384259
482565
204037
367878
482567
384263
204040
482570
367882
482572
204045
384270
482575
384273
367889
204050
482580
367893
384278
384279
384280
482585
384283
204059
367900
482589
384288
204064
384289
367905
384290
482596
384292
482599
384295
384296
204073
384298
367914
482604
384300
367918
204078
482607
384303
384305
482612
384308
384309
367925
482614
384310
204087
367928
482617
384313
482618
482619
204091
367933
482622
384318
384320
367937
204098
482627
384323
482628
482629
384325
204103
482632
384328
367944
384329
384330
367946
384332
482637
384335
204112
482642
384338
367954
367957
204117
482646
384343
384345
367962
384348
482653
384349
384350
204126
482655
367967
384352
482658
482659
384355
367971
204131
482660
482662
384359
482665
482666
367978
482667
367980
204140
384366
482672
384369
204145
367987
384374
384375
367991
384376
482681
384378
204154
384381
384382
367998
204158
482687
384383
384385
368002
384388
204165
384391
368009
482698
204170
384396
368013
384398
482703
384401
384403
204179
368020
384406
204182
384407
368023
482712
384408
384410
204187
482716
368028
384413
204190
384415
368031
384418
482723
384419
204195
384420
368036
384422
482728
384425
368043
204203
384429
368047
482737
368051
384436
482741
204213
384438
384441
368058
204218
482748
384444
368062
384449
482754
204227
384452
368069
204232
384457
368074
384459
482765
384462
482769
384465
204241
368083
204244
384470
368086
384471
482776
384472
204249
384475
368091
482780
204254
384480
368096
482787
384483
482791
204263
384488
384490
204268
384493
482798
368110
384495
368113
482802
384498
384499
384500
204277
368118
384503
384504
482809
368122
204282
384507
482812
384508
384510
482817
384513
368129
204291
384516
482821
368133
204296
384521
384522
384523
482828
368140
384526
482831
368144
204305
384531
482836
384533
204309
368151
384536
482841
384538
368155
204316
384541
384543
204319
482850
384546
368162
204324
384549
368165
482855
204329
384554
368170
384555
384556
384558
368175
482864
384561
384562
204338
384563
482868
368180
384565
204343
384568
384569
384570
482875
384571
384572
368189
384574
368192
204352
384577
384579
204357
384582
368199
482889
384585
384587
482893
384590
368206
204366
384592
368210
384595
204371
482900
384598
482905
368217
384603
384604
204380
384605
368221
384607
204385
482914
384610
384611
384612
368228
482918
384615
368231
204394
384620
368236
482925
384622
204398
368240
482929
384625
384626
384627
204405
384630
368247
482936
204410
482939
384635
368251
384636
384637
368254
482944
384640
204419
482949
384645
368263
384649
204425
368267
482958
368271
384656
482961
384658
204436
384661
482966
384662
368278
384663
482968
384664
384665
204441
482971
384667
368283
384670
482976
384672
204450
384675
384676
368292
384677
368295
204455
384680
482985
384683
368300
482989
368303
384688
204464
384689
384690
384691
204467
482996
384692
368308
384695
204472
368313
483002
384700
204477
384702
384705
384707
368324
483013
384710
204486
368327
384713
483018
204491
368332
384718
368334
384720
483027
384723
384725
368341
483032
384728
368345
384733
368351
204511
483041
483046
384742
368362
384748
483055
368367
204527
483058
204532
483063
384759
368376
384761
483066
384764
368380
384766
483071
204543
384769
384770
384771
368387
483076
384773
368391
384776
384778
204554
483085
384781
368398
384784
204560
368401
483091
384789
368406
384791
204569
384794
368410
384797
483102
368417
483106
384802
384804
368421
384807
204584
483113
384810
483116
368428
384815
483121
204593
384818
368435
483124
204597
384823
384824
483129
384825
384826
384827
483133
384830
204607
384832
368448
384835
204611
483140
384836
384837
368453
483144
384840
384845
368462
483151
384848
483154
368467
384853
384854
368470
483159
384855
204631
384857
483162
384860
384862
368478
204638
483167
384865
368481
384866
483171
384867
204643
384870
368486
368489
483178
384875
483181
384877
204653
368494
384880
483186
384882
368498
204659
384885
483191
384887
368503
204663
384890
384892
368508
384895
368511
483200
384896
384897
368514
384899
204676
384902
368518
384903
384904
384905
483210
384906
384908
483213
368525
384911
384913
368529
483218
204690
384916
483223
384919
368536
483227
384924
368541
384927
204703
368544
483234
384932
384933
204710
483239
368551
384938
368556
384941
368559
483248
204721
483250
384946
384948
368564
483253
384951
483256
368568
384954
204731
483261
384959
368575
384960
483265
384961
384962
384963
368579
384964
384965
483272
384968
204745
368586
483275
384973
204749
368590
384975
483280
483283
368597
483288
384984
368602
483291
384988
483296
204768
483298
384995
368611
483301
384998
204774
368615
483304
385003
483309
385005
368622
385008
483313
204785
385010
368626
385013
483320
385016
368633
483323
385021
204797
368638
385023
483328
385026
483332
385028
385031
368647
385034
483339
368652
204813
385039
483344
385040
204816
385041
385044
368661
483353
385049
368665
385052
483358
368672
385057
385059
368676
385062
483367
204839
385064
483370
385067
368683
385068
385069
483375
368688
483378
385074
483383
204855
368697
483387
385083
204860
385085
368702
385088
385089
483394
385090
204867
483397
385094
368711
204871
483402
368715
483404
204876
385101
483407
385104
483409
368722
483412
385109
483415
368727
204888
385113
483420
483423
204895
385120
368736
385122
483428
385125
368741
483430
385127
483433
385130
483436
385133
368750
483441
385137
204913
368755
483445
385144
204922
483452
385148
368764
483454
368768
483457
385155
204931
483460
385157
368775
385160
483465
385163
368779
483468
204941
385168
483473
385170
368786
483476
385173
368791
385176
483481
483483
385181
204957
483486
385182
385183
368800
385185
483491
385188
385189
368805
204965
385190
204970
483499
483502
368814
385199
483507
368819
385204
483510
385207
204983
483515
385211
385212
368828
385213
385214
483519
204991
385216
368833
385219
385220
385221
204997
483526
385223
483530
385226
368842
385227
385228
385230
368847
205008
483537
385233
385235
483541
385238
385239
368856
385242
483548
368860
385247
483552
385251
368867
205028
483559
368871
483562
385258
385259
205035
385260
385262
368878
483567
205040
385265
483570
368882
385268
483575
385273
368889
205049
483579
385275
385278
368894
205054
385281
483586
483588
385286
483591
368903
205063
385288
205066
483595
385291
368908
385294
205071
483602
385299
205075
483605
368917
385302
483610
368922
205082
385307
483613
385309
205087
385312
483618
385314
483619
368931
483620
385317
483622
385319
368935
205096
483625
385322
205098
483628
385324
205101
368942
385327
483633
385329
483634
205106
483635
385332
368948
385335
483640
205115
385340
385342
368959
205120
483649
385345
483652
385348
368964
483657
385353
205129
483659
385355
205132
368973
483662
385358
385359
385360
205137
368978
483667
385364
205140
385367
205145
368987
483676
385372
205149
385375
368992
483681
385378
205156
385383
205160
369001
483690
385386
369006
385391
205167
483697
385393
205170
385396
385399
369015
205175
369019
205179
385404
385405
483710
385406
385408
483714
369026
205186
385411
385412
385413
369030
205190
483721
385420
483725
369037
205197
385422
385425
369041
205201
483732
385428
369048
205208
483737
385433
205211
385436
369052
205216
385441
483746
385442
385443
205220
385445
483750
385448
369064
385450
369067
205227
483757
385453
385455
369072
483761
205233
385458
385459
385460
369076
385462
483768
385465
385467
369083
205244
483773
385470
385471
369087
385472
205249
483782
385478
369094
483785
369097
205258
385483
385485
205261
483790
369102
369105
483794
205266
385492
205269
369110
483801
385497
369113
205274
483804
385502
369118
205278
385504
483809
369122
385507
385509
205285
483814
205287
385512
369129
385514
205290
369132
385517
483823
205295
385520
369137
483828
385525
369141
385526
385527
385528
205304
385529
385532
369148
205308
483837
483841
385537
369153
205315
385541
205319
483848
369162
483852
385548
369166
205326
385551
205330
483859
385556
369173
483862
385559
369176
205337
483867
385564
205340
369181
483871
385567
369185
205345
385572
205349
483878
385574
369192
385577
483883
385579
369196
205356
385582
385583
385584
205360
369203
483892
385588
483894
369207
205367
483897
205370
385595
483900
385597
369214
205375
385600
483905
369217
385602
205378
483909
385605
369222
205383
385608
369226
483916
385613
205389
385615
369233
385618
483923
385619
385620
369238
385624
205400
205403
385629
369247
483936
205408
369250
385635
483940
205412
385637
369255
385640
385642
369258
205418
483947
483949
385645
385647
369263
483952
385650
205426
483955
385652
369268
205429
385655
483960
385657
205434
385660
483965
385661
369277
385662
385665
205441
369282
205445
483974
483977
385673
369291
385676
205452
483982
369295
483984
385681
483987
205459
385684
369302
205462
483991
385689
205465
369306
385691
483998
385694
385696
484001
369313
205473
385699
369316
385701
484006
205478
385704
385705
369321
385706
484011
369325
385710
205487
385712
205491
484020
385716
369332
385718
484024
369336
205498
385724
205501
484031
385727
369343
484033
205506
385731
369347
484036
385732
385734
205510
484039
369354
385739
484044
369357
205517
385742
484047
205520
385746
369362
484052
205525
369366
484055
385752
205530
385755
484060
369373
484064
385760
385762
369378
205539
385765
205541
484071
385767
205544
484074
385770
385771
369387
205547
385772
369390
484079
385775
205552
484083
369395
385780
205556
385782
369398
385785
484090
385787
369403
205563
385790
369407
205567
385794
484101
369414
205574
484104
385801
369418
385803
205579
484109
385806
484112
385808
369425
484115
385811
385812
369428
205588
484120
205592
385817
369433
385820
484125
369437
205599
385825
385827
205603
369444
484134
385830
369447
484136
385833
205610
484139
369452
484141
385838
205614
385839
369455
484144
385840
385841
484148
369460
385845
205621
369464
385849
205626
484155
385854
484159
369471
385857
369475
205635
385860
205637
484166
385862
205640
484169
385865
369482
205643
385868
484174
369487
205648
385873
484179
385876
205653
369496
385881
385882
385883
484188
369501
205662
484191
385887
205667
484196
484198
385894
369510
385896
484201
369513
385899
205676
385901
484206
369518
205679
385904
369521
385906
205684
385909
484215
385911
369529
205689
385914
484221
385917
369536
385922
205698
385923
385924
385925
369541
385926
205703
484232
385929
484237
385934
369550
385936
205712
369555
205717
484246
385942
385944
484251
385947
385948
369564
385949
205726
385952
369569
205731
484260
385957
484263
385959
385962
369578
484268
205740
385965
484270
369582
205743
484273
385970
484275
369587
385972
205748
484278
385975
369592
205752
484281
385977
385980
484286
385982
205759
385985
369601
484290
385986
385987
205764
385989
369606
385992
484297
385995
484300
205773
369615
386000
484305
205777
369618
386003
484310
369623
386008
205784
386009
386010
369627
205787
386013
484319
205792
386018
369634
484323
386020
369637
205797
386024
484330
484332
386028
369644
205806
484335
369648
205809
484338
386035
205814
484343
386040
386041
369657
386042
484347
386043
205819
386044
386046
369662
386049
386050
484355
386051
205828
386053
205830
484359
369671
386056
386057
205833
386058
386060
369676
205836
484366
386063
484369
386065
205841
386068
386069
369685
205845
484374
386070
484376
386072
369688
484379
386075
205852
484381
386077
369693
205854
484384
386080
369696
386081
205857
386084
484389
369701
205861
386087
386089
369706
205868
484398
386094
369711
205872
386098
369714
484407
205879
369721
205881
484410
386106
386108
205884
369725
484415
386111
205887
386114
484419
386116
369732
205892
386119
386120
205896
386121
484426
369739
386124
484431
205903
386129
205907
386133
484440
369752
205914
484444
386140
386141
369757
205917
386142
386143
386144
386146
205922
386149
369766
205926
484455
386151
369769
484458
386154
386156
205933
369774
484463
386159
386160
386161
369777
205937
484468
386165
369782
205944
369787
205947
386172
484477
484479
386175
205952
484482
386180
369796
205956
484485
386182
369800
386185
484490
386186
386187
205963
484492
386190
484495
369807
205967
484497
386195
484500
369812
205974
386199
484504
205978
369821
386206
484511
386207
386208
205985
484514
386210
369826
205990
484519
484520
484521
386217
369835
484524
386220
369838
205999
484529
386225
484531
369843
386228
206004
484534
369846
386233
484538
369851
386236
206013
369855
206015
484545
386241
206018
484547
386243
206021
484550
386246
369862
484553
386249
369866
206026
484558
386254
386255
206031
386256
484561
386257
369873
386258
386260
484566
369878
386263
386264
206040
386265
386266
484571
386267
386269
206045
369887
386272
386274
484580
369892
386277
484582
206054
386279
484585
386282
206058
484587
386283
386284
369901
484590
386287
369904
386289
206065
484594
386292
206068
386293
369909
386294
386296
369912
484601
206073
386299
386300
206076
484605
386301
369917
386302
386303
386304
386305
369921
206081
386307
369923
484612
206084
386310
484615
386311
386312
386313
369929
206089
386314
484620
386316
369932
206093
386319
484624
386320
386321
386322
386323
369939
386324
206100
386325
386326
206102
484631
386327
369943
484633
386329
206105
484636
386332
386333
206109
386334
369950
484639
386335
386337
386339
369955
484644
206116
386342
386343
369959
386344
206120
386346
484652
386349
386350
369966
484655
386351
206127
386352
206128
386353
369969
206129
386354
386355
484660
206132
386357
484662
369974
386360
484665
386361
206137
386362
369979
484668
386364
206141
386367
386368
484673
386369
484674
386370
484675
386371
386372
369988
206148
484677
386373
386374
386375
484680
386376
386377
369993
386378
206154
484683
386379
386380
386381
386382
386383
484688
386384
386385
386386
370002
484691
386387
386388
386389
370005
206165
386390
484696
386392
206169
484698
370010
386395
386396
484701
386397
370013
484703
386399
206176
484706
386402
370018
386403
484708
386404
370020
206180
386405
484711
386407
484713
370025
386410
206187
484716
386412
370029
484719
386415
206191
386416
386417
386419
484724
370036
484726
386422
206198
386423
386424
484729
386425
206201
386426
370042
386427
484732
386428
386429
386430
206206
386431
484737
386433
206210
484739
386436
370053
484742
386438
484745
386441
370057
206217
386442
386443
386444
386445
484750
386446
386447
484752
386449
206225
484755
386452
370068
386453
484758
386454
386455
386456
370073
386458
484763
206236
484765
386461
386462
386463
484768
386464
370080
386465
206241
386467
484772
370085
386470
386471
386472
386473
386474
206250
484779
386476
484782
370094
386479
206255
386480
386481
370098
484787
386483
484790
386486
386488
206264
370105
484795
386491
370107
206267
386492
386493
484798
386494
370110
386495
206272
386497
370113
484803
386500
484805
386501
206277
386502
370118
484808
386504
370122
386507
386508
386509
206286
386511
370129
484818
386514
206290
386515
386516
484821
386517
370133
386518
386519
386520
386521
206297
484826
386522
386523
206299
386524
370140
484829
386525
386526
206302
386527
386528
386529
484834
386530
370146
206306
386531
386534
484839
386535
370151
386536
386537
206313
386538
386539
386540
386541
206317
386542
386543
484848
370160
386545
484851
386548
370164
206324
386550
206327
484856
386553
386554
386555
370171
484860
386556
206332
386557
370173
386558
206335
386560
370176
386562
484867
370179
206340
386565
386566
484871
386567
386568
370184
206344
386569
370187
386572
484878
386575
206351
370192
484881
206355
370196
386581
484886
386582
386583
484889
386586
206362
370203
206365
484894
386591
484896
370208
206370
484899
386595
370214
370216
206376
386602
484907
386603
386604
370220
484909
386606
484912
386609
370225
386611
206387
206389
386614
386615
386616
206392
484921
386617
386618
370234
484923
386619
386620
206396
484926
386622
370239
484929
386625
386626
386627
206403
386628
386629
206405
484934
386630
386631
386632
370248
206408
484937
386633
386635
370251
206411
484942
386638
386639
484944
386640
370256
206416
386642
484947
370259
206419
484949
386645
386646
386647
484952
370264
206424
386649
206426
484955
386651
370267
386653
206429
484960
386656
370272
386658
206434
484963
370276
386661
386662
386663
484968
386664
484969
386665
484970
386667
370283
206443
484972
386670
484975
386671
386672
206448
386673
370289
484978
386674
370292
386677
484983
370297
206457
484986
386682
206459
386684
370300
206462
484991
386687
386688
484993
386689
370305
206465
386690
386691
484996
370308
386694
206470
484999
370313
206474
386699
485004
386700
386701
485006
386702
370318
386703
386704
485009
386705
206481
386706
386707
485012
386709
206485
370327
386712
485017
386714
370331
206492
485021
386717
206495
386720
386721
386722
370338
485028
370340
206500
386725
485031
370343
206504
386730
370346
485036
386732
485039
386735
370351
206511
386737
370353
485044
386740
206516
386741
386742
370358
485047
386745
370362
485052
206525
485054
386750
485057
386753
370369
206529
485060
386758
370374
386759
386760
206536
485065
386761
386762
485067
386763
206539
386764
386765
485070
386766
370383
485072
206544
386770
485075
370387
206547
485077
485080
485081
386777
485082
370394
485084
386780
370396
206557
485087
370399
386785
206561
370402
485091
386787
386790
386791
370407
386792
206568
485098
386795
370411
206572
485101
386800
485106
370418
206578
386803
485108
206582
485111
370423
386808
386809
485114
386810
386811
370427
386812
206589
485119
386815
206593
485122
386820
370436
485127
386823
485128
206600
485129
370442
206602
386828
485133
206605
386830
206607
386833
206610
386835
485140
485141
370453
485142
386838
206614
485143
485144
386841
370457
485147
206621
386846
485152
386848
370464
206624
485154
386851
370467
485157
386853
206629
485160
386856
370472
386857
206633
386858
370475
485165
485166
386862
485167
370480
206640
485170
370484
386869
206645
485175
386872
485178
370491
386877
386878
206654
485183
386879
370495
386882
206658
485189
485191
386887
386889
370505
206665
485194
485195
485196
386892
206669
386894
370510
485200
386897
386898
386899
206676
485207
386903
370519
206680
370523
386910
485215
206687
485217
386913
370530
206690
485220
370533
386918
485223
206695
386921
485226
370538
206699
386926
370542
485231
386928
370546
206706
485235
386931
386933
206710
386936
386937
370553
485242
485243
485244
206717
485246
370558
206720
485249
485252
206725
485255
370567
206729
485259
370572
485262
206734
485266
206740
485269
370581
370584
485274
370589
485278
206751
370592
206756
485285
370597
485287
370600
485290
485293
370605
206765
206768
370609
485298
206773
370617
206777
370623
206784
485314
370626
206787
485317
370631
206792
485322
370635
206795
485324
485327
206800
485329
370642
485332
206805
485334
370646
485337
485339
370653
485342
206814
485344
370657
485347
206819
485348
485349
485352
370664
370667
206828
485357
206831
370672
485361
370675
206836
206839
485368
370680
485369
485370
485372
370684
206844
206848
485378
370691
370693
206855
485384
370696
485385
485386
206858
485387
485388
370700
485389
485390
206863
485394
206866
370707
206871
485401
370713
206874
485404
206879
485409
485411
206883
370724
485414
485415
485416
370729
485418
206890
485421
206894
485426
370738
485427
485428
485429
206901
485430
370742
485431
206904
485436
370749
206909
206913
370754
485445
485448
206920
370763
206924
485453
370768
485457
206931
485464
370777
206937
370780
370785
485475
370788
206948
485479
206952
370793
370797
485486
206959
206962
485491
370804
370807
206967
485500
370812
206974
370815
485504
206978
370820
485511
206985
370826
485515
370828
206990
370831
485522
370834
206994
485526
370841
207001
485533
370845
207005
485537
370851
207012
370855
485544
207016
485547
370862
207023
485552
370866
485555
207027
485560
370873
207034
485563
370877
207038
485568
485571
370884
207045
370887
485576
207048
485578
370892
485581
207053
485584
370897
207058
485589
485590
485591
485594
370906
207067
485599
370911
207071
485602
207078
485607
370920
485609
207082
370923
485612
485614
207087
370928
485617
370931
485620
207092
370936
485625
485626
485627
370940
207101
207106
370947
485636
370951
485641
207115
485646
370958
207118
370961
207123
485654
370966
207128
370969
485660
485662
370974
485665
207137
370978
485668
207140
485671
370985
207145
370987
207147
485676
485678
370990
207150
485681
370994
485683
207155
485686
485688
371001
485691
485692
207164
485693
371006
485695
207168
485698
485702
371015
207175
371017
207179
371020
485709
485711
371023
485714
207186
485716
371028
207190
485719
371032
485721
485724
207197
485727
371039
207200
371042
485732
485733
207205
485734
371047
485736
207209
485739
371052
485742
207216
485747
207220
371061
485752
371065
207227
207231
371072
485761
485764
371076
207238
485769
207242
371083
485772
371087
207247
485777
207250
485779
485782
371094
207255
485784
371097
207258
485787
485789
371102
207263
485792
485794
371106
207266
485797
485799
207271
371113
485802
485804
207276
371117
485807
485808
371124
485813
207285
371126
485816
207290
485819
371131
371134
485824
485827
371139
207299
485830
485831
485832
371144
207304
485834
485837
371153
207313
207315
371158
207318
485848
485849
485850
207322
485852
485855
371167
485857
207329
371170
485860
207333
485862
371175
485865
371178
485867
207340
485870
207343
485872
371185
485875
207348
485878
207351
371192
485883
207356
485885
485888
207361
485892
371205
371210
207370
485899
485902
207374
485907
371219
485908
485909
207381
485911
371223
207384
485914
207389
485918
371230
371233
207393
485925
371238
485928
207400
485931
371243
207404
485936
485938
207411
371252
485941
207413
485942
485943
485944
207416
485945
371257
485946
485947
207420
485949
485952
485954
371266
207427
485957
371269
207429
485959
207432
485962
371274
207434
485963
485964
371277
207437
485967
207440
371282
485972
371285
207445
485976
207448
371290
371293
207453
485983
485984
485985
207457
371298
485987
371300
485990
207464
485994
371308
207468
486001
371313
207475
486004
371317
207479
486009
486011
371324
486014
371326
207486
486015
486017
371329
486019
207491
486022
371334
486023
486024
486026
207500
486029
486030
486031
371343
207504
486033
486036
371348
486037
486038
207510
486040
207513
486043
486044
486045
371357
207518
486047
207521
486050
371362
486053
207525
207528
486058
486059
371371
486060
207533
486062
371374
486065
207537
486066
371379
486068
486071
371383
207544
486076
486077
207549
486078
371390
486079
486080
207552
486081
486082
371395
486084
207557
486087
486088
486089
486090
486091
371404
207564
486093
371406
486096
207568
486097
371409
486098
371411
486101
371414
207575
486106
371419
207579
486108
486111
486113
371426
207586
486116
371429
207589
486118
486121
486122
207594
486123
371435
486124
486125
207597
486126
486127
371439
486128
207602
207605
371446
371450
207610
207612
207615
371457
371460
207620
371465
371469
207629
207631
207634
371476
207636
371479
207639
207643
371484
371489
207650
207654
371498
371500
207661
371503
207664
371508
207669
207673
371517
207680
371521
207684
371528
371530
207691
371533
207694
371536
207699
371541
207703
371545
207710
371552
371555
207715
371560
371564
207724
371571
371575
207737
207741
371582
371584
371587
207748
371589
371592
207752
371596
207759
207762
371603
371605
207767
371608
207771
371613
371618
207778
371620
207782
371623
371627
371635
371638
207800
371643
207806
371647
371654
207815
371656
371659
371661
371664
371668
207833
371675
371679
207840
371686
371690
207855
371697
371701
207861
207867
371708
371713
207880
371722
371724
207886
371727
371731
207892
207895
371738
207900
371741
207904
371746
371747
371748
371750
207911
371753
207914
371758
207919
207921
207924
371767
207927
371772
207932
207935
207940
371781
207943
371784
207948
371789
207951
371792
207954
371797
207958
371801
207965
371808
207968
371813
207973
207975
207978
207979
207980
371822
207984
371825
371830
207991
371832
371835
207995
371838
208002
371843
208005
371847
208010
208012
371854
208015
371859
208019
208026
371868
208029
371871
208034
371876
208038
371881
208045
208048
371890
208053
371895
208056
208061
208062
208063
371904
371907
208067
371912
208073
208075
371918
208078
208084
208087
371929
208092
371934
208095
208098
208101
371943
208106
371948
208109
208114
208115
208116
371957
208119
371960
208124
371965
371968
208129
371973
371978
208140
208145
371987
208148
371990
208153
371995
371998
208160
372003
208165
372008
208170
372017
208179
372021
208184
372028
372031
208193
372036
372037
372038
208198
372042
208207
372049
208212
372054
372058
208221
372065
208225
372069
208232
372076
208237
372080
208246
372087
208250
372091
208257
372098
208260
372102
208267
372109
208270
372112
208275
372117
372119
208280
372122
372126
372133
208294
372137
208299
372144
372147
208308
208311
372152
208314
372156
208319
372163
208324
372166
372171
208333
372175
208338
372182
372184
372187
208347
372190
208352
454114
372195
454120
372200
208361
208365
372209
454131
208372
372213
454137
208377
372220
372223
208386
454148
372228
208389
454153
372233
208394
208397
454162
372242
208403
208405
372247
454168
208408
208411
372256
208416
372259
454181
372264
208426
454187
372267
208430
372272
372275
208437
454198
372280
208441
454203
372283
372288
208448
454212
208452
454216
372297
372299
208459
372302
454223
208463
372305
454227
208470
372312
208472
454234
372315
208475
454238
208479
372320
372324
454245
208486
208489
454251
372331
208494
372335
208498
454262
372342
208505
372346
454267
208509
372353
454276
208516
372358
208518
208521
454283
208525
454287
372367
372372
208532
454294
208536
372381
208543
454304
372385
208545
454308
208548
372392
208553
454315
372396
454319
208562
372403
454326
372407
208567
454330
372414
208576
454337
372417
454341
208581
372422
372426
454348
208590
454351
372433
208595
454356
372437
372444
208604
454366
372447
208609
454371
372452
372457
208618
454380
208623
454384
372466
372468
454391
372471
208632
454396
372476
208637
454405
372485
208646
454408
372489
208651
454413
372496
208659
372500
454423
208664
454427
372507
208673
454434
372514
208677
208684
454446
372527
208688
454451
372533
208695
208698
454460
454463
208703
372544
454468
208708
372549
454473
208717
372558
454482
208722
372563
454485
208731
372572
454495
372575
208736
454500
372580
372583
454505
208745
372588
208749
372592
454513
208756
454517
372599
208760
372603
454524
208767
454530
372610
372613
208773
372618
454539
372621
208781
454542
208785
372626
454547
454551
208792
372634
208795
372636
454557
454559
208800
372641
454562
208804
454566
372646
372650
208811
454573
454575
208815
372657
454578
454581
372661
208822
208825
454586
454588
372668
208830
454591
372671
454592
454593
208834
372676
454597
372680
208841
454604
208845
372687
454608
372691
208852
454615
208856
372698
372701
454623
208863
454626
372706
208867
372710
208874
454635
372717
208878
454642
372722
208885
454646
208889
372731
454653
372735
208896
454657
208900
372742
454663
372745
454666
208907
454670
372750
208911
454674
372754
208918
454681
372761
208922
454684
372766
454689
208929
454693
208934
372775
372779
454700
208943
454705
208945
372786
208948
372790
208951
454714
208956
372797
208957
454718
208958
372800
454722
208962
454724
372805
454727
372808
208969
454732
208973
372818
208980
454741
454745
372825
208986
372829
208989
454752
454755
372836
208996
454760
372840
209000
454762
454765
372847
209007
372850
209010
454773
372855
209015
372859
209019
454781
454784
372866
209026
454789
372870
209030
454793
372877
209037
454799
372880
209042
454803
372885
372888
454810
209051
454812
372893
209053
454815
209056
372897
454818
209060
454823
372904
454826
372907
209067
454831
209071
372912
372915
454838
209078
372920
209080
454843
372925
209085
454852
372934
209095
454857
372938
209100
372945
454866
372949
209109
454871
209113
372956
372959
454880
209120
372964
209124
454886
372970
209131
209134
454897
209139
454901
372981
209143
372986
454908
209150
454914
209154
372995
372999
209162
454925
373006
209166
373008
454930
373011
209173
373014
209178
454939
373019
373023
209187
373030
209191
454953
373035
454958
209199
373044
209204
373046
454967
209208
373049
454972
373052
209215
373057
209219
454981
373063
454986
209226
209231
373074
454995
373079
455000
209240
209241
209242
209245
373088
455009
209251
373093
455014
209255
373102
209262
455023
373104
209266
455027
373107
373112
455034
209274
455038
209278
373121
455045
373125
209285
209288
455050
373132
209293
373135
209296
455059
373140
373141
373142
209302
455063
373144
209306
373149
455070
373152
209313
455075
373157
209317
373158
373163
455084
209324
455088
209329
373172
455095
373177
209338
455099
209342
455106
373186
455109
373189
209349
209350
209351
209353
455114
373194
209356
373197
455118
373202
209362
455125
373206
455128
209371
455133
373213
209374
455137
373218
209379
209382
455144
373227
209387
373230
455152
373235
209395
373237
209399
373240
373244
455166
209409
455171
373251
209412
373255
209417
209418
209419
455180
373262
209422
455185
373267
209427
209430
455194
373276
209436
455198
209439
373280
209444
455205
209446
373287
455208
209450
373292
455213
209454
455218
373301
209461
209464
373305
455227
209469
455232
373312
209472
373316
209477
209478
209479
455241
209481
373323
209485
455246
373326
209488
373331
209494
455255
373335
455258
209500
373342
455263
373346
455267
209507
209510
373353
455274
373355
209515
455278
373358
209518
373363
209523
455285
209526
455290
209531
373372
373374
209535
373377
455299
373381
209542
455304
209545
373388
209550
373392
455313
209553
455317
209558
373399
209561
455324
373404
209566
455329
209569
373413
209575
455338
373418
209579
455342
209586
373427
455349
209589
373432
455354
209594
209595
209596
209597
209598
373441
209601
455363
373444
209606
455368
373449
209609
373452
209614
455377
373457
209617
455382
209622
373463
209623
209624
209627
455391
209632
373474
209634
455396
373478
209639
209643
455405
373485
373488
455410
209650
209651
209652
373493
209655
373498
455419
209660
209661
209662
455423
209664
373507
209667
455430
373510
209672
455435
373515
209675
373519
209680
209683
455444
373526
455449
373529
209689
209690
209691
373534
209694
373537
455458
209699
455462
373542
209702
373543
373546
209707
455469
209711
455473
373554
373558
209718
455480
209722
455485
373565
373569
209729
455494
209734
373576
455499
373579
209743
373584
209747
455508
373588
455513
209754
373595
209758
373599
455522
209765
373606
455527
373609
209770
373614
455536
373617
209779
455540
373622
209783
373625
455547
373630
209790
455551
373632
209792
373635
209795
455558
209799
373640
455563
209806
373649
209811
455572
373653
455576
373660
209820
455583
373664
209824
455588
373671
209831
373673
209835
373676
455597
373678
455601
373681
209842
373685
209847
455608
455611
373692
455616
373696
209856
455620
209860
373703
373705
455627
209867
373708
455630
373710
209871
373713
455635
373718
209878
455640
373721
209883
373726
373728
455649
209892
455653
373733
373736
209896
373739
455660
373742
455663
209903
373747
209907
455668
373750
455672
209914
373755
373757
455679
373760
209920
455682
209923
373764
455687
209928
455691
373771
209931
373774
209936
455698
373779
209941
373782
455703
373787
373789
209950
455712
373792
209954
455715
373796
455720
209961
455724
209965
373807
455731
373812
209972
455734
209977
455739
373820
455743
373825
209986
455750
209990
455753
373833
373837
209997
455758
455761
210002
373844
455766
373849
455770
210011
373855
210015
455777
373858
455781
210022
373863
210026
373867
455788
455793
210033
373874
373876
210038
373879
455802
373882
455807
373887
210047
373890
210051
373895
455816
210058
455819
373899
210061
455824
373906
210066
373909
455830
210070
373914
210077
373919
455841
210081
455845
373928
210088
455852
373933
210093
455856
373942
210102
455863
455866
210106
373948
210113
455877
373957
210117
373962
210124
455885
455889
210129
373971
373974
455896
210138
373979
455901
210142
373983
210149
455910
373990
210152
455913
373994
210157
455918
374001
210161
455922
374005
210168
455929
210171
374012
455933
374016
210176
455940
210181
455943
374023
455948
374028
210190
455953
210194
210201
455962
374042
210205
455966
374049
374052
210212
455973
374056
210216
455977
374061
210223
455984
210226
455989
374070
210231
374074
210235
455998
374081
456002
210242
374083
210245
374086
456009
374089
210250
210253
456014
374094
374097
210258
374102
210262
456023
456027
374107
210269
210271
456034
210274
374116
374118
210278
456040
374121
374123
210285
374126
210287
210290
456051
374131
210293
456055
210298
374140
456062
210302
374144
456065
210309
456070
374151
210312
456075
374155
210317
210320
374162
456084
210325
456088
210328
374169
210333
456095
456097
210337
456100
456103
210344
374186
210347
456108
210352
456115
374195
210355
374198
210360
374203
210365
456128
374208
210368
456132
374212
210373
210376
374217
456139
374221
210381
210384
456145
374228
210389
374232
210393
456156
210400
456161
374242
210403
374244
374247
210408
456170
374250
210411
210414
456175
374255
210417
374259
210422
456184
456186
374266
210426
456189
374271
456192
210433
210436
456197
374280
210441
456203
374283
210444
374288
456209
210449
374290
210453
456214
374295
374300
210460
456223
210463
374304
456227
210468
374311
210472
456234
374314
456237
374319
210479
374321
456242
210482
374324
456245
210487
374328
210488
210489
456250
210493
456254
374335
374339
210500
456261
456263
210504
456266
374346
374349
456270
210511
374354
210514
456277
374358
210519
210521
456282
210524
374365
456286
374366
374367
210528
374369
374372
456293
374375
210535
456297
210538
374380
210543
456304
374384
210546
456307
374391
210551
456312
374394
456315
210555
374399
456320
210562
374403
456324
210565
374410
210570
456331
456333
374413
210575
456336
374418
456340
374421
210584
374426
456347
374428
210588
456350
374431
456355
210595
374437
456358
210598
456363
210603
374448
210608
456369
374452
210617
374459
210619
456380
210622
456383
374463
210625
456388
374470
210630
456391
210633
374474
456396
210638
456400
374481
210642
374484
456407
456409
374489
210649
456412
210652
374494
456417
210657
210660
374503
210665
456426
374506
210668
456430
374511
374513
210673
374516
456437
210677
374519
456441
374524
210684
374526
210686
456448
374529
456450
374532
210692
456453
210696
456457
374538
374543
210703
456464
374546
456467
210707
374551
456472
210714
456475
374555
210717
456480
374562
210722
374565
374570
210730
456492
210732
374574
210735
210739
456500
374581
374587
210747
210750
456514
210756
374598
456519
210759
374602
210764
456528
210768
374609
374612
456533
210775
374617
210777
210780
374621
456542
210784
456546
374628
210788
374630
374633
374635
210795
374638
210799
374643
456564
210806
456568
210809
374652
210814
456575
374656
210818
456579
374663
210825
456586
374667
210828
456589
456594
374674
210834
456597
374677
210837
456602
374682
210842
210844
456605
374687
210847
210849
456610
456612
210852
456615
374696
456618
210858
374701
456623
210867
456628
374710
210871
374713
456637
374718
210878
456640
374721
210881
456645
374726
210887
456650
374730
210891
374737
456659
210899
456662
374742
210904
456667
210907
456671
374751
210912
374754
210916
456678
374759
374761
456682
210923
374765
210926
374768
456689
210931
456692
374773
210933
210936
456697
374777
456702
210943
374784
374786
210948
374789
456711
374794
456715
210955
210958
210961
456722
374803
456726
374807
210968
210970
456733
210973
374814
456736
374816
210977
374819
456741
374822
210984
456746
210986
374827
374831
210992
456755
374838
211000
374842
456769
374849
211009
374851
211012
374854
456776
374856
211017
374859
456781
211021
374863
211028
456790
374870
211031
374872
456794
374875
211036
374879
211039
456801
456803
211044
456806
374886
211047
456808
374890
456811
211052
211054
456817
374897
211057
374900
211060
456822
374905
211065
211068
374909
211074
456835
374916
211077
374920
456841
211082
456844
211086
374927
456849
374930
456851
211093
456854
374935
211095
456858
211098
374939
211101
456865
374946
211108
456869
374949
211110
211113
374954
456876
211117
456879
374959
456884
211124
211126
456888
374968
211129
374970
211132
374973
456895
374976
211137
456898
211140
374981
456903
211145
456906
374986
211147
211150
456911
456915
374995
374999
211159
211161
456922
211164
456926
375006
211168
375011
456933
456934
456935
211175
211177
456940
375020
211180
211183
375024
211188
456949
375031
211191
456952
375033
375036
211196
456957
456959
211199
375040
456962
211204
375047
211207
375052
211212
456975
211215
456979
211220
375061
211223
375064
456986
211228
456989
375069
375071
211233
456994
375074
456997
375078
457002
211242
375085
211246
375088
457010
457013
375093
211253
375095
211255
457018
375098
211258
375099
375100
211261
375102
457026
211266
375107
457029
211269
375112
457034
375114
211274
375117
211277
457038
375120
211282
457045
375125
211285
375127
457049
211290
375132
211293
375135
457056
211298
457059
375140
211301
375142
457064
211306
375147
457068
211309
375150
211314
457075
375155
211317
457079
375159
211322
211323
211324
457086
375166
211327
457089
375169
211332
457094
375174
211335
457096
375177
457099
211340
375182
211343
457104
375185
211348
375190
211351
375192
457113
457115
375195
211356
457118
375199
457120
457123
375206
211366
457129
211369
375211
211374
211376
211379
457140
375220
457142
211382
375223
457145
211385
375228
457150
375230
211390
375233
211393
375235
375238
211398
457159
211401
375242
457163
211406
375249
457170
211410
375253
457174
211417
375260
211420
457181
375262
375265
211425
457186
375267
211427
375270
211430
211433
457195
375275
375278
211438
457199
211441
375283
375285
457206
211446
211450
375291
457212
211457
375298
211459
375302
211462
457223
211465
457228
375309
211470
211472
375314
211475
457237
211478
457242
375323
211483
375327
211489
457251
211492
457254
375334
375335
375336
211497
457259
375339
211499
457262
211502
375344
211505
457267
375348
211510
211512
457274
375355
211515
375359
211519
375366
211526
457287
375368
211528
375371
211531
457292
375373
211534
375376
375379
211539
457301
211541
457304
375384
211544
211547
375388
457309
457311
211552
457314
375395
457316
211556
375398
457319
457323
375403
211563
211565
375407
211568
457330
211571
457332
375414
457335
211576
375419
211579
457340
211584
211586
375428
457349
211589
457352
375432
211592
457357
211597
375439
211599
457361
375442
211602
211605
375447
457368
375450
211610
457372
211612
375455
211615
211616
211617
375458
457379
211622
375463
457385
375466
375471
211631
375474
211634
457396
457399
375479
211639
211642
457404
375484
457407
211647
211649
457412
211652
375493
211655
457417
375498
211660
211664
457425
375507
457430
375511
211671
211673
211676
375518
457439
211679
457441
375522
457444
211684
211686
457447
375529
211689
457450
211692
375533
457454
211697
375540
211700
457461
375542
457464
375545
457469
375549
211709
211712
457475
375556
211717
375560
211720
211725
457486
375567
211728
457492
375572
211733
211737
375581
457503
375584
457505
211745
457508
211748
375589
375591
457512
375594
211754
211757
457519
375601
211762
457523
211765
457530
211770
211771
211772
457534
375614
211774
211777
375618
211779
457541
211782
211783
457544
375625
211786
375628
211788
457549
211791
375633
457555
375635
211795
375638
375642
211802
211804
457566
211807
457569
375649
211810
375652
457574
211815
375657
457578
375659
211819
375662
457585
375665
211826
457588
211828
375670
211831
457593
375673
211833
211836
457597
375678
211839
457604
211844
211845
211846
375687
457609
211849
375691
211854
211856
457618
375698
211860
375702
457623
211863
375709
211870
457631
375713
211873
457634
211878
457639
375720
211880
457642
375723
211883
457645
211886
375728
457649
211891
375732
211892
457656
211896
457659
375739
211899
375743
457664
211904
457667
211907
375750
457672
211912
375753
211914
457676
211917
375758
211919
375760
457683
375763
211923
375764
375765
211926
457688
375770
211931
211934
457697
457699
375779
211939
211940
211941
457702
375783
457706
375790
211950
211952
457713
375794
211955
457716
211958
457721
375801
211963
457724
375805
211966
457729
211971
375812
457734
211974
375816
211979
211980
211981
457743
375823
211984
457746
375828
211989
457751
211992
457753
457756
375837
211997
211998
457760
375841
212002
212005
457767
375848
457770
212010
375851
212013
457775
375856
375858
212018
457779
212020
375861
212023
375864
212025
457786
375869
212029
375872
212033
457794
375877
457798
212040
375881
212042
457805
212045
212047
375888
457809
212050
375891
212053
457816
375896
212058
457819
375899
212059
457823
375904
457827
375907
212068
375912
212072
457834
375914
457837
375917
212079
375920
457842
212082
457845
375925
212087
375929
457850
212090
457854
212095
375936
212098
375939
457861
212103
375944
457866
375947
212107
375952
457873
212114
375956
457877
212117
212122
375963
457884
212124
375965
457887
212127
375968
375969
212129
457892
375972
212132
212133
212134
457896
375977
375982
212142
457903
212144
457908
375991
212151
375995
212155
457917
457920
376002
212162
457925
376006
212166
457929
376013
212173
457936
212176
376017
457940
212181
376024
212184
457947
376028
457950
212190
212194
376035
376038
457959
212201
376044
212204
457966
376049
212209
457970
212211
212214
457975
457977
212217
376058
457980
212222
376063
212223
212224
212226
457987
212230
376072
212233
376077
458000
212242
458003
212245
376086
458008
376089
458011
212251
376094
212254
458016
376096
458019
376099
212259
212260
376101
458024
376104
212267
458028
376110
212270
458035
212275
458038
212278
376121
458043
212283
376124
212285
458048
212288
376129
212290
376131
212293
376134
458057
212297
376138
458061
212304
376145
212306
458068
376149
212309
458071
212311
212314
458076
376156
212317
376158
458081
376161
212322
212323
376164
458088
376169
212329
458092
376172
212332
458097
376177
212337
212340
458101
376181
458105
212345
376188
212348
376189
376191
458112
376193
212353
458115
376196
212356
458120
376201
212361
458123
376204
212364
458128
376209
212369
458130
212371
376212
458133
212374
376216
212376
458138
212379
212380
458143
376223
212384
376227
212389
458150
458154
376234
212396
376238
212400
458161
376245
212405
458168
212408
376249
212413
376256
212416
376259
458181
212422
376264
458186
212429
376270
212431
458193
458196
212436
212439
458200
376281
458203
212444
376286
212446
458208
212449
212450
212451
458212
212453
376295
212456
376298
212458
458219
212461
212462
458223
376303
212463
376306
212467
458230
376311
458232
458235
376315
212475
212476
212477
458238
212479
376322
458243
458245
212485
376326
458248
212488
458251
376333
212493
376335
458256
212496
376338
458259
376341
212501
212503
458264
458266
376346
212506
458269
376350
212510
458273
376357
212517
212519
458280
376360
458284
212524
376365
212529
376370
458291
212532
458297
212537
376379
212539
212543
376384
212544
212546
458308
212549
458311
376393
212554
376395
458316
212557
376398
458319
376401
212562
458324
212564
458326
376406
212567
458329
376410
458334
376417
212577
376419
212581
376422
458343
376425
458347
376430
212590
212591
376432
212593
458354
376435
376436
376437
212597
458360
376442
212604
212606
212609
458370
376451
212611
458374
212614
376455
212617
458381
376462
212622
212624
458386
376466
212627
212630
376473
458395
212635
458397
376477
212639
458400
458404
376484
376488
212648
212649
458411
212651
458414
376495
212655
212657
376498
458419
212660
458423
376503
212663
376506
212668
458430
376511
212671
458433
376515
212676
458438
212678
458441
212681
376522
212683
458446
376526
212686
212689
458450
376533
212694
376535
212696
458457
376538
212699
376541
458462
212702
376546
212707
376548
212710
458471
376551
458473
376554
212715
458476
212716
212717
458479
376559
212719
376562
212722
458484
212724
458487
376567
212727
212728
376571
458492
212734
458495
212737
376578
376579
458500
376580
212742
458503
376584
212745
376587
458508
376590
212750
458511
212753
376595
458516
458517
458518
212758
376599
212761
458522
376606
212767
458529
376609
212770
458532
376614
212775
458537
376617
212778
458541
376622
212783
212785
376627
458548
212788
458550
212790
458553
212793
376634
212794
458557
376638
212798
212800
212803
458564
376645
458566
212806
458569
376649
212811
458572
212813
376654
212816
458577
376657
212818
458579
458582
376662
458583
458584
376665
212825
458587
212828
376670
458592
212833
458594
212834
376675
212835
458597
212837
458599
212840
458602
376682
212842
458604
212845
376686
212846
458607
212851
458612
376693
212854
376695
376698
212860
458621
376701
458623
212863
458626
376706
212868
458629
376709
212870
212873
458634
376714
458635
458636
212876
376717
458639
212881
376722
212883
458644
376726
458647
212890
458652
212892
376733
376734
458655
376735
212896
212899
458660
376740
458663
212904
212906
458668
376749
212909
458671
212911
376752
212914
458676
212916
376757
458679
212919
376761
458684
212925
458688
376768
212928
376773
458695
212936
458698
212939
376780
458703
458704
212944
458705
376785
212946
458707
212949
458710
212952
458713
376793
212957
458718
376798
212959
458721
212962
212964
458726
376807
212967
458728
212969
376810
458731
212972
458733
376814
212974
458736
212977
458739
212979
376821
212982
376823
458744
212985
376826
458747
376830
212990
)


// ************************************************************************* //
