/*--------------------------------*- C++ -*----------------------------------*\
| =========                 |                                                 |
| \\      /  F ield         | OpenFOAM: The Open Source CFD Toolbox           |
|  \\    /   O peration     | Version:  v2012                                 |
|   \\  /    A nd           | Website:  www.openfoam.com                      |
|    \\/     M anipulation  |                                                 |
\*---------------------------------------------------------------------------*/
FoamFile
{
    version     2.0;
    format      binary;
    class       cellSet;
    arch        "LSB;label=32;scalar=64";
    location    "constant/polyMesh/sets";
    object      underdeterminedCells;
}
// * * * * * * * * * * * * * * * * * * * * * * * * * * * * * * * * * * * * * //


4438
(
1540
1541
1571
1572
1602
1603
1633
1634
1664
1665
1695
1696
1697
1698
1699
1700
1701
1702
1703
1704
1705
1706
1707
1708
1709
1710
1711
1712
1713
1714
1715
1716
1717
1718
1719
1720
1721
1726
1727
1728
1729
1730
1731
1732
1733
1734
1735
1736
1737
1738
1739
1740
1741
1742
1743
1744
1745
1746
1747
1748
1749
1750
1751
1752
1757
1758
1759
1760
1761
1762
1763
1764
1765
1766
1767
1768
1769
1770
1771
1772
1773
1774
1775
1776
1777
1778
1779
1780
1781
1782
1783
1788
1789
1790
1791
1792
1793
1794
1795
1796
1797
1798
1799
1800
1801
1802
1803
1804
1805
1806
1807
1808
1809
1810
1811
1812
1813
1814
1815
1819
1820
1821
1822
1823
1824
1825
1826
1827
1828
1829
1830
1831
1832
1833
1834
1835
1836
1837
1838
1839
1840
1841
1842
1843
1844
1845
1846
1850
1851
1852
1853
1854
1855
1856
1857
1858
1859
1860
1861
1862
1863
1864
1865
1866
1867
1868
1869
1870
1871
1872
1873
1874
1875
1876
1877
1881
1882
1883
1884
1885
1886
1887
1888
1889
1890
1891
1892
1893
1894
1895
1896
1897
1898
1899
1900
1901
1902
1903
1904
1905
1906
1907
1908
1912
1913
1914
1915
1916
1917
1918
1919
1920
1921
1922
1923
1924
1925
1926
1927
1928
1929
1930
1931
1932
1933
1934
1935
1936
1937
1938
1939
1943
1944
1945
1946
1947
1948
1949
1950
1951
1952
1953
1954
1955
1956
1957
1958
1959
1960
1961
1962
1963
1964
1965
1966
1967
1968
1969
1970
1974
1975
1976
1977
1978
1979
1980
1981
1982
1983
1984
1985
1986
1987
1988
1989
1990
1991
1992
1993
1994
1995
1996
1997
1998
1999
2000
2001
2005
2006
2007
2008
2009
2010
2011
2012
2013
2014
2015
2016
2017
2018
2019
2020
2021
2022
2023
2024
2025
2026
2027
2028
2029
2030
2031
2032
2036
2037
2038
2039
2040
2041
2042
2043
2044
2045
2046
2047
2048
2049
2050
2051
2052
2053
2054
2055
2056
2057
2058
2059
2060
2061
2062
2063
2067
2068
2069
2070
2071
2072
2073
2074
2075
2076
2077
2078
2079
2080
2081
2082
2083
2084
2085
2086
2087
2088
2089
2090
2091
2092
2093
2094
2098
2099
2100
2101
2102
2103
2104
2105
2106
2107
2108
2109
2110
2111
2112
2113
2114
2115
2116
2117
2118
2119
2120
2121
2122
2123
2124
2125
2129
2130
2131
2132
2133
2134
2135
2136
2137
2138
2139
2140
2141
2142
2143
2144
2145
2146
2147
2148
2149
2150
2151
2152
2153
2154
2155
2156
2160
2161
2162
2163
2164
2165
2166
2167
2168
2169
2170
2171
2172
2173
2174
2175
2176
2177
2178
2179
2180
2181
2182
2183
2184
2185
2186
2187
2191
2192
2193
2194
2195
2196
2197
2198
2199
2200
2201
2202
2203
2204
2205
2206
2207
2208
2209
2210
2211
2212
2213
2214
2215
2216
2217
2218
2222
2223
2224
2225
2226
2227
2228
2229
2230
2231
2232
2233
2234
2235
2236
2237
2238
2239
2240
2241
2242
2243
2244
2245
2246
2247
2248
2249
2253
2254
2255
2256
2257
2258
2259
2260
2261
2262
2263
2264
2265
2266
2267
2268
2269
2270
2271
2272
2273
2274
2275
2276
2277
2278
2279
2280
2284
2285
2286
2287
2288
2289
2290
2291
2292
2293
2294
2295
2296
2297
2298
2299
2300
2301
2302
2303
2304
2305
2306
2307
2308
2309
2310
2311
2315
2316
2317
2318
2319
2320
2321
2322
2323
2324
2325
2326
2327
2328
2329
2330
2331
2332
2333
2334
2335
2336
2337
2338
2339
2340
2341
2342
2346
2347
2348
2349
2350
2351
2352
2353
2354
2355
2356
2357
2358
2359
2360
2361
2362
2363
2364
2365
2366
2367
2368
2369
2370
2371
2372
2373
2377
2378
2379
2380
2381
2382
2383
2384
2385
2386
2387
2388
2389
2390
2391
2392
2393
2394
2395
2396
2397
2398
2399
2400
2401
2402
2403
2404
2408
2409
2410
2411
2412
2413
2414
2415
2416
2417
2418
2419
2420
2421
2422
2423
2424
2425
2426
2427
2428
2429
2430
2431
2432
2433
2434
2435
2439
2440
2441
2442
2443
2444
2445
2446
2447
2448
2449
2450
2451
2452
2453
2454
2455
2456
2457
2458
2459
2460
2461
2462
2463
2464
2465
2466
2470
2471
2472
2473
2474
2475
2476
2477
2478
2479
2480
2481
2482
2483
2484
2485
2486
2487
2488
2489
2490
2491
2492
2493
2494
2495
2496
2497
2501
2502
2503
2504
2505
2506
2507
2508
2509
2510
2511
2512
2513
2514
2515
2516
2517
2518
2519
2520
2521
2522
2523
2524
2525
2526
2527
2528
2532
2533
2534
2535
2536
2537
2538
2539
2540
2541
2542
2543
2544
2545
2546
2547
2548
2549
2550
2551
2552
2553
2554
2555
2556
2557
2558
2559
2563
2564
2565
2566
2567
2568
2569
2570
2571
2572
2573
2574
2575
2576
2577
2578
2579
2580
2581
2582
2583
2584
2585
2586
2587
2588
2589
2590
2594
2595
2596
2597
2598
2599
2600
2601
2602
2603
2604
2605
2606
2607
2608
2609
2610
2611
2612
2613
2614
2615
2616
2617
2618
2619
2620
2621
2625
2626
2627
2628
2629
2630
2631
2632
2633
2634
2635
2636
2637
2638
2639
2640
2641
2642
2643
2644
2645
2646
2647
2648
2649
2650
2651
2652
2656
2657
2658
2659
2660
2661
2662
2663
2664
2665
2666
2667
2668
2669
2670
2671
2672
2673
2674
2675
2676
2677
2678
2679
2680
2681
2682
2683
2687
2688
2689
2690
2691
2692
2693
2694
2695
2696
2697
2698
2699
2700
2701
2702
2703
2704
2705
2706
2707
2708
2709
2710
2711
2712
2713
2714
2718
2719
2720
2721
2722
2723
2724
2725
2726
2727
2728
2729
2730
2731
2732
2733
2734
2735
2736
2737
2738
2739
2740
2741
2742
2743
2744
2745
2749
2750
2751
2752
2753
2754
2755
2756
2757
2758
2759
2760
2761
2762
2763
2764
2765
2766
2767
2768
2769
2770
2771
2772
2773
2774
2775
2776
2780
2781
2782
2783
2784
2785
2786
2787
2788
2789
2790
2791
2792
2793
2794
2795
2796
2797
2798
2799
2800
2801
2802
2803
2804
2805
2806
2807
2811
2812
2813
2814
2815
2816
2817
2818
2819
2820
2821
2822
2823
2824
2825
2826
2827
2828
2829
2830
2831
2832
2833
2834
2835
2836
2837
2838
2842
2843
2844
2845
2846
2847
2848
2849
2850
2851
2852
2853
2854
2855
2856
2857
2858
2859
2860
2861
2862
2863
2864
2865
2866
2867
2868
2869
2873
2874
2875
2876
2877
2878
2879
2880
2881
2882
2883
2884
2885
2886
2887
2888
2889
2890
2891
2892
2893
2894
2895
2896
2897
2898
2899
2900
2904
2905
2906
2907
2908
2909
2910
2911
2912
2913
2914
2915
2916
2917
2918
2919
2920
2921
2922
2923
2924
2925
2926
2927
2928
2929
2930
2931
2935
2936
2937
2938
2939
2940
2941
2942
2943
2944
2945
2946
2947
2948
2949
2950
2951
2952
2953
2954
2955
2956
2957
2958
2959
2960
2961
2962
2966
2967
2968
2969
2970
2971
2972
2973
2974
2975
2976
2977
2978
2979
2980
2981
2982
2983
2984
2985
2986
2987
2988
2989
2990
2991
2992
2993
2997
2998
2999
3000
3001
3002
3003
3004
3005
3006
3007
3008
3009
3010
3011
3012
3013
3014
3015
3016
3017
3018
3019
3020
3021
3022
3023
3024
3028
3029
3030
3031
3032
3033
3034
3035
3036
3037
3038
3039
3040
3041
3042
3043
3044
3045
3046
3047
3048
3049
3050
3051
3052
3053
3054
3055
3059
3060
3061
3062
3063
3064
3065
3066
3067
3068
3069
3070
3071
3072
3073
3074
3075
3076
3077
3078
3079
3080
3081
3082
3083
3084
3085
3086
3090
3091
3092
3093
3094
3095
3096
3097
3098
3099
3100
3101
3102
3103
3104
3105
3106
3107
3108
3109
3110
3111
3112
3113
3114
3115
3116
3117
3121
3122
3123
3124
3125
3126
3127
3128
3129
3130
3131
3132
3133
3134
3135
3136
3137
3138
3139
3140
3141
3142
3143
3144
3145
3146
3147
3148
3152
3153
3154
3155
3156
3157
3158
3159
3160
3161
3162
3163
3164
3165
3166
3167
3168
3169
3170
3171
3172
3173
3174
3175
3176
3177
3178
3179
3183
3184
3185
3186
3187
3188
3189
3190
3191
3192
3193
3194
3195
3196
3197
3198
3199
3200
3201
3202
3203
3204
3205
3206
3207
3208
3209
3210
3214
3215
3216
3217
3218
3219
3220
3221
3222
3223
3224
3225
3226
3227
3228
3229
3230
3231
3232
3233
3234
3235
3236
3237
3238
3239
3240
3241
3245
3246
3247
3248
3249
3250
3251
3252
3253
3254
3255
3256
3257
3258
3259
3260
3261
3262
3263
3264
3265
3266
3267
3268
3269
3270
3276
3277
3278
3279
3280
3281
3282
3283
3284
3285
3286
3287
3288
3289
3290
3291
3292
3293
3294
3295
3296
3297
3298
3299
3300
3301
3307
3308
3309
3310
3311
3312
3313
3314
3315
3316
3317
3318
3319
3320
3321
3322
3323
3324
3325
3326
3327
3328
3329
3330
3331
3332
3338
3339
3340
3341
3342
3343
3344
3345
3346
3347
3348
3349
3350
3351
3352
3353
3354
3355
3356
3357
3358
3359
3360
3361
3362
3363
3364
3365
3369
3370
3371
3372
3373
3374
3375
3376
3377
3378
3379
3380
3381
3382
3383
3384
3385
3386
3387
3388
3389
3390
3391
3392
3393
3394
3395
3396
3400
3401
3402
3403
3404
3405
3406
3407
3408
3409
3410
3411
3412
3413
3414
3415
3416
3417
3418
3419
3420
3421
3422
3423
3424
3425
3426
3427
3431
3432
3433
3434
3435
3436
3437
3438
3439
3440
3441
3442
3443
3444
3445
3446
3447
3448
3449
3450
3451
3452
3453
3454
3462
3463
3464
3465
3466
3467
3468
3469
3470
3471
3472
3473
3474
3475
3476
3477
3478
3479
3480
3481
3482
3483
3484
3485
3493
3494
3495
3496
3497
3498
3499
3500
3501
3502
3503
3504
3505
3506
3507
3508
3509
3510
3511
3512
3513
3514
3515
3516
3524
3525
3526
3527
3528
3529
3530
3531
3532
3533
3534
3535
3536
3537
3538
3539
3540
3541
3542
3543
3544
3545
3546
3547
3555
3556
3557
3558
3559
3560
3561
3562
3563
3564
3565
3566
3567
3568
3569
3570
3571
3572
3573
3574
3575
3576
3577
3578
3586
3587
3588
3589
3590
3591
3592
3593
3594
3595
3596
3597
3598
3599
3600
3601
3602
3603
3604
3605
3606
3607
3608
3609
3617
3618
3619
3620
3621
3622
3623
3624
3625
3626
3627
3628
3629
3630
3631
3632
3633
3634
3635
3636
3637
3638
3639
3640
3648
3649
3650
3651
3652
3653
3654
3655
3656
3657
3658
3659
3660
3661
3662
3663
3664
3665
3666
3667
3668
3669
3670
3671
3679
3680
3681
3682
3683
3684
3685
3686
3687
3688
3689
3690
3691
3692
3693
3694
3695
3696
3697
3698
3699
3700
3701
3702
3710
3711
3712
3713
3714
3715
3716
3717
3718
3719
3720
3721
3722
3723
3724
3725
3726
3727
3728
3729
3730
3731
3732
3733
3741
3742
3743
3744
3745
3746
3747
3748
3749
3750
3751
3752
3753
3754
3755
3756
3757
3758
3759
3760
3761
3762
3763
3764
3772
3773
3774
3775
3776
3777
3778
3779
3780
3781
3782
3783
3784
3785
3786
3787
3788
3789
3790
3791
3792
3793
3794
3795
3803
3804
3805
3806
3807
3808
3809
3810
3811
3812
3813
3814
3815
3816
3817
3818
3819
3820
3821
3822
3823
3824
3825
3826
3834
3835
3836
3837
3838
3839
3840
3841
3842
3843
3844
3845
3846
3847
3848
3849
3850
3851
3852
3853
3854
3855
3856
3857
3865
3866
3867
3868
3869
3870
3871
3872
3873
3874
3875
3876
3877
3878
3879
3880
3881
3882
3883
3884
3885
3886
3887
3888
3896
3897
3898
3899
3900
3901
3902
3903
3904
3905
3906
3907
3908
3909
3910
3911
3912
3913
3914
3915
3916
3917
3918
3919
3927
3928
3929
3930
3931
3932
3933
3934
3935
3936
3937
3938
3939
3940
3941
3942
3943
3944
3945
3946
3947
3948
3949
3950
3958
3959
3960
3961
3962
3963
3964
3965
3966
3967
3968
3969
3970
3971
3972
3973
3974
3975
3976
3977
3978
3979
3980
3981
3989
3990
3991
3992
3993
3994
3995
3996
3997
3998
3999
4000
4001
4002
4003
4004
4005
4006
4007
4008
4009
4010
4011
4012
4020
4021
4022
4023
4024
4025
4026
4027
4028
4029
4030
4031
4032
4033
4034
4035
4036
4037
4038
4039
4040
4041
4042
4043
4051
4052
4053
4054
4055
4056
4057
4058
4059
4060
4061
4062
4063
4064
4065
4066
4067
4068
4069
4070
4071
4072
4073
4074
4082
4083
4084
4085
4086
4087
4088
4089
4090
4091
4092
4093
4094
4095
4096
4097
4098
4099
4100
4101
4102
4103
4104
4105
4113
4114
4115
4116
4117
4118
4119
4120
4121
4122
4123
4124
4125
4126
4127
4128
4129
4130
4131
4132
4133
4134
4135
4136
4144
4145
4146
4147
4148
4149
4150
4151
4152
4153
4154
4155
4156
4157
4158
4159
4160
4161
4162
4163
4164
4165
4166
4167
4175
4176
4177
4178
4179
4180
4181
4182
4183
4184
4185
4186
4187
4188
4189
4190
4191
4192
4193
4194
4195
4196
4197
4198
4206
4207
4208
4209
4210
4211
4212
4213
4214
4215
4216
4217
4218
4219
4220
4221
4222
4223
4224
4225
4226
4227
4228
4229
4237
4238
4239
4240
4241
4242
4243
4244
4245
4246
4247
4248
4249
4250
4251
4252
4253
4254
4255
4256
4257
4258
4259
4260
4268
4269
4270
4271
4272
4273
4274
4275
4276
4277
4278
4279
4280
4281
4282
4283
4284
4285
4286
4287
4288
4289
4290
4291
4299
4300
4301
4302
4303
4304
4305
4306
4307
4308
4309
4310
4311
4312
4313
4314
4315
4316
4317
4318
4319
4320
4321
4322
4330
4331
4332
4333
4334
4335
4336
4337
4338
4339
4340
4341
4342
4343
4344
4345
4346
4347
4348
4349
4350
4351
4352
4353
4361
4362
4363
4364
4365
4366
4367
4368
4369
4370
4371
4372
4373
4374
4375
4376
4377
4378
4379
4380
4381
4382
4383
4384
4392
4393
4394
4395
4396
4397
4398
4399
4400
4401
4402
4403
4404
4405
4406
4407
4408
4409
4410
4411
4412
4413
4414
4415
4423
4424
4425
4426
4427
4428
4429
4430
4431
4432
4433
4434
4435
4436
4437
4438
4439
4440
4441
4442
4443
4444
4445
4446
4454
4455
4456
4457
4458
4459
4460
4461
4462
4463
4464
4465
4466
4467
4468
4469
4470
4471
4472
4473
4474
4475
4476
4477
4485
4486
4487
4488
4489
4490
4491
4492
4493
4494
4495
4496
4497
4498
4499
4500
4501
4502
4503
4504
4505
4506
4507
4508
4516
4517
4518
4519
4520
4521
4522
4523
4524
4525
4526
4527
4528
4529
4530
4531
4532
4533
4534
4535
4536
4537
4538
4539
4547
4548
4549
4550
4551
4552
4553
4554
4555
4556
4557
4558
4559
4560
4561
4562
4563
4564
4565
4566
4567
4568
4569
4570
4578
4579
4580
4581
4582
4583
4584
4585
4586
4587
4588
4589
4590
4591
4592
4593
4594
4595
4596
4597
4598
4599
4600
4601
4609
4610
4611
4612
4613
4614
4615
4616
4617
4618
4619
4620
4621
4622
4623
4624
4625
4626
4627
4628
4629
4630
4631
4632
4640
4641
4642
4643
4644
4645
4646
4647
4648
4649
4650
4651
4652
4653
4654
4655
4656
4657
4658
4659
4660
4661
4662
4663
4671
4672
4702
4703
5432
5433
5439
5440
5446
5447
5453
5454
5460
5461
5467
5468
5474
5475
5481
5482
5488
5489
5495
5496
5502
5503
5509
5510
5516
5517
5523
5524
5530
5531
5537
5538
5544
5545
5551
5552
5558
5559
5565
5566
5572
5573
5579
5580
5586
5587
5593
5594
5600
5601
5607
5608
5614
5615
5621
5622
5628
5629
5635
5636
5642
5643
5649
5650
5656
5657
5663
5664
5670
5671
5677
5678
5684
5685
5691
5692
5698
5699
5705
5706
5712
5713
5719
5720
5726
5727
5733
5734
5740
5741
5747
5748
5754
5755
5761
5762
5768
5769
5775
5776
5803
5804
5810
5811
5817
5818
88170
88171
88175
88176
88180
88181
88185
88186
88190
88191
88195
88196
88200
88201
88205
88206
88210
88211
6292
88215
88216
6297
88220
88221
6302
88225
88226
6307
88230
88231
6312
88235
88236
6317
88240
88241
6322
88245
88246
6327
88250
88251
6332
88255
88256
6337
88260
88261
6342
88265
88266
6347
88270
88271
6352
88275
88276
6357
88280
88281
6362
88285
88286
6367
88290
88291
6372
88295
88296
6377
88300
88301
6382
88305
88306
6387
88310
88311
6392
88315
88316
6397
88320
88321
6402
88325
88326
6407
88330
88331
6412
88335
88336
6417
88340
88341
6422
88345
88346
6427
88350
88351
6432
88355
88356
6437
88360
88361
6442
88365
88366
6447
88370
88371
6452
88375
88376
6457
88380
88381
6462
88385
88386
6467
88390
88391
6472
88395
88396
6477
88400
88401
6482
88405
88406
72022
6487
88410
88411
6492
88415
88416
6497
72037
6502
6507
6512
88435
88436
72052
6517
88440
88441
6522
88445
88446
6527
72067
6532
6537
72082
6557
72097
72098
6562
72099
72100
72101
72102
72103
6567
72104
72105
72106
72107
72108
72109
72112
72113
72114
72115
72116
72117
72118
72119
72120
72121
72122
72123
72124
72127
72128
72129
72130
72131
72132
72133
72134
72135
72136
72137
72138
72139
72142
72143
72144
72145
72146
72147
72148
72149
72150
72151
72152
72153
72154
72157
72158
72159
72160
72161
72162
72163
72164
72165
72166
72167
72168
72169
72172
72173
72174
72175
72176
72177
72178
72179
72180
72181
72182
72183
72184
72187
72188
72189
72190
72191
72192
72193
72194
72195
72196
72197
72198
72199
72202
72203
72204
72205
72206
72207
72208
72209
72210
72211
72212
72213
72214
72217
72218
72219
72220
72221
72222
72223
72224
72225
72226
72227
72228
72229
72232
72233
72234
72235
72236
72237
72238
72239
72240
72241
72242
72243
72244
72247
72248
72249
72250
72251
72252
72253
72254
72255
72256
72257
72258
72259
72262
72263
72264
72265
72266
72267
72268
72269
72270
72271
72272
72273
72274
72277
72278
72279
72280
72281
72282
72283
72284
72285
72286
72287
72288
72289
72292
72293
72294
72295
72296
72297
72298
72299
72300
72301
72302
72303
72304
72307
72308
72309
72310
72311
72312
72313
72314
72315
72316
72317
72318
72319
72322
72323
72324
72325
72326
72327
72328
72329
72330
72331
72332
72333
72334
72337
72338
72339
72340
72341
72342
72343
72344
72345
72346
72347
72348
72349
72352
72353
72354
72355
72356
72357
72358
72359
72360
72361
72362
72363
72364
72367
72368
72369
72370
72371
72372
72373
72374
72375
72376
72377
72378
72379
72382
72383
72384
72385
72386
72387
72388
72389
72390
72391
72392
72393
72394
72397
72398
72399
72400
72401
72402
72403
72404
72405
72406
72407
72408
72409
72412
72413
72414
72415
72416
72417
72418
72419
72420
72421
72422
72423
72424
72427
72428
72429
88814
72430
72431
72432
72433
88818
72434
72435
72436
72437
88822
72438
72439
88826
72442
72443
72444
72445
88830
72446
72447
72448
72449
88834
72450
72451
72452
72453
88838
72454
72457
88842
72458
72459
72460
72461
88846
72462
72463
72464
72465
88850
72466
72467
72468
72469
88854
72472
72473
88858
72474
72475
72476
72477
88862
72478
72479
72480
72481
88866
72482
72483
72484
88870
72487
72488
72489
88874
72490
72491
72492
72493
88878
72494
72495
72496
72497
88882
72498
72499
6963
88886
72502
72503
72504
72505
88890
72506
6970
72507
72508
72509
88894
72510
72511
72512
72513
6977
88898
72514
72517
88902
72518
72519
72520
6984
72521
88906
72522
72523
72524
72525
88910
72526
72527
6991
72528
72529
88914
72532
72533
88918
72534
6998
72535
72536
72537
88922
72538
72539
72540
72541
7005
88926
72542
72543
72544
88930
72547
72548
7012
72549
88934
72550
72551
72552
72553
88938
72554
72555
7019
72556
72557
88942
72558
72559
88946
72562
7026
72563
72564
72565
88950
72566
72567
72568
72569
7033
88954
72570
72571
72572
72573
88958
72574
7040
72577
88962
72578
72579
72580
72581
88966
72582
72583
7047
72584
72585
88970
72586
72587
72588
72589
88974
7054
72592
72593
88978
72594
72595
72596
72597
7061
88982
72598
72599
72600
72601
88986
72602
72603
72604
7068
88990
72607
72608
72609
88994
72610
72611
7075
72612
72613
88998
72614
72615
72616
72617
89002
72618
7082
72619
89006
72622
72623
72624
72625
7089
89010
72626
72627
72628
72629
72630
72631
72632
7096
72633
72634
72637
72638
72639
7103
72640
72641
89026
72642
72643
72644
72645
89030
72646
7110
72647
72648
72649
89034
72652
72653
7117
72654
72655
72656
72657
72658
72659
72660
7124
72661
72662
72663
72664
72667
7131
72668
72669
72670
72671
72672
72673
72674
7138
72675
72676
72677
72678
72679
7145
72682
72683
72684
72685
72686
72687
72688
7152
72689
72690
72691
72692
72693
72694
7159
72697
72698
72699
72700
72701
72702
7166
72703
72704
72705
72706
72707
72708
72709
7173
72712
72713
72714
72715
72716
7180
72717
72718
72719
72720
72721
72722
72723
7187
72724
72727
72728
72729
72730
7194
72731
72732
72733
72734
72735
72736
72737
7201
72738
72739
72742
72743
72744
7208
72745
72746
72747
72748
72749
72750
72751
7215
72752
72753
72754
72757
72758
7222
72759
72760
72761
72762
72763
72764
72765
7229
72766
72767
72768
72769
72772
7236
72773
72774
72775
72776
72777
72778
72779
7243
72780
72781
72782
72783
72784
7250
72787
72788
72789
72790
72791
72792
72793
7257
72794
72795
72796
72797
72798
72799
7264
72802
72803
72804
72805
72806
72807
7271
72808
72809
72810
72811
72812
72813
72814
7278
72817
72818
72819
72820
72821
7285
72822
72823
72824
72825
72826
72827
72828
7292
72829
72832
72833
72834
72835
7299
72836
72837
72838
72839
72840
72841
72842
7306
72843
72844
72847
72848
72849
72850
72851
72852
72853
72854
72855
72856
72857
72858
72859
72862
72863
72864
72865
72866
72867
72868
72869
72870
7334
72871
72872
72873
72874
72877
7341
72878
72879
72880
72881
72882
72883
72884
7348
72885
72886
72887
72888
72889
72892
72893
72894
72895
72896
72897
72898
72899
72900
72901
72902
72903
72904
72907
72908
72909
72910
72911
72912
72913
72914
72915
72916
72917
72918
72919
72922
72923
72924
72925
72926
72927
72928
72929
72930
72931
72932
72933
72934
72937
72938
72939
72940
72941
72942
72943
72944
72945
72946
72947
72948
72952
72953
72954
72955
72956
72957
72958
72959
72960
72961
72962
72963
72967
72968
72969
72970
72971
72972
72973
72974
72975
72976
72977
72978
72982
72983
72984
72985
72986
72987
72988
72989
72990
72991
72992
72993
72997
72998
72999
73000
73001
73002
73003
73004
73005
73006
73007
73008
73012
73013
73014
73015
73016
73017
73018
73019
73020
73021
73022
73023
73027
73028
73029
73030
73031
73032
73033
73034
73035
73036
73037
73038
73042
73043
73044
73045
73046
73047
73048
73049
73050
73051
73052
73053
73057
73058
73059
73060
73061
73062
73063
73064
73065
73066
73067
73068
73072
73073
73074
73075
73076
73077
73078
73079
73080
73081
73082
73083
73087
73088
73089
73090
73091
73092
73093
73094
73095
73096
73097
73098
73102
73103
73104
73105
73106
73107
73108
73109
73110
73111
73112
73113
73117
73118
73119
73120
73121
73122
73123
73124
73125
73126
73127
73128
73132
73133
73134
73135
73136
73137
73138
73139
73140
73141
73142
73143
73147
73148
73149
73150
73151
73152
73153
73154
73155
73156
73157
73158
73162
73163
73164
73165
73166
73167
73168
73169
73170
73171
73172
73173
73177
73178
73179
73180
73181
73182
73183
73184
73185
73186
73187
73188
73192
73193
73194
73195
73196
73197
73198
73199
73200
73201
73202
73203
73207
73208
73209
73210
73211
73212
73213
73214
73215
73216
73217
73218
73222
73223
73224
73225
73226
73227
73228
73229
73230
73231
73232
73233
73237
73238
73239
73240
73241
73242
73243
73244
73245
73246
73247
73248
73252
73253
73254
73255
73256
73257
73258
73259
73260
73261
73262
73263
73267
73268
73269
73270
73271
73272
73273
73274
73275
73276
73277
73278
73282
73283
73284
73285
73286
73287
73288
73289
73290
73291
73292
73293
73297
73298
73299
73300
73301
73302
73303
73304
73305
73306
73307
73308
73312
73313
73314
73315
73316
73317
73318
73319
73320
73321
73322
73323
73327
73328
73329
73330
73331
73332
73333
73334
73335
73336
73337
73338
73342
73343
73344
73345
73346
73347
73348
73349
73350
73351
73352
73353
73357
73358
73359
73360
73361
73362
73363
73364
73365
73366
73367
73368
73372
73373
73374
73375
73376
73377
73378
73379
73380
73381
73382
73383
73387
73388
73389
73390
73391
73392
73393
73394
73395
73396
73397
73398
73402
73403
73404
73405
73406
73407
73408
73409
73410
73411
73412
73413
73417
73418
73419
73420
73421
73422
73423
73424
73425
73426
73427
73428
73432
73433
73434
73435
73436
73437
73438
73439
73440
73441
73442
73443
73447
73448
73449
73450
73451
73452
73453
73454
73455
73456
73457
73458
73462
73463
73464
73465
73466
73467
73468
73469
73470
73471
73472
73473
73477
73478
73479
73480
73481
73482
73483
73484
73485
73486
73487
73488
73492
73493
73494
73495
73496
73497
73498
73499
73500
73501
73502
73503
73507
73508
73509
73510
73511
73512
73513
73514
73515
73516
73517
73518
73522
73523
73524
73525
73526
73527
73528
73529
73530
73531
73532
73533
73537
73552
106335
106336
106337
106338
106339
106340
106341
106342
106343
106344
106345
106346
106347
106348
106349
106350
106351
106352
106353
106354
106355
106356
106357
106358
106359
106360
106361
106362
106363
106364
106365
106366
106367
106368
106369
106370
106371
106372
106373
106374
106375
106376
106377
106378
106379
106380
106381
106382
106383
106384
106385
106386
106387
106388
106389
106390
106391
106392
106393
106394
106395
106396
106397
106398
106399
106400
106401
106402
106403
106404
106405
106406
106407
106408
106409
106410
106411
106412
106413
106414
106415
106416
106417
106418
106419
106420
106421
106422
106423
106424
106425
106426
106427
106428
106429
106430
106431
106432
106433
106434
106441
106442
106443
106444
106445
106446
106628
106630
106632
106634
106636
106638
106640
106642
106644
106646
106648
106650
106652
106654
106656
106658
106660
106662
106664
106666
106668
106670
106672
106674
106676
106678
106680
106682
106684
106686
106688
106690
106692
73924
73925
106694
106696
73929
106698
73930
106700
106702
73934
73935
106704
106706
73939
106708
73940
106710
106712
73944
73945
106714
106716
73949
106718
73950
106720
106722
73954
73955
106724
106726
73959
73960
73964
73965
106734
106736
73969
106738
73970
73974
73975
73979
73980
73984
73985
73989
73990
73994
73995
73999
74000
74004
74005
74009
74010
74014
74015
74019
74020
74024
74025
74029
74030
74034
74035
74039
74040
74044
74045
74049
74050
74054
74055
74059
74060
74064
74065
74069
74070
74074
74075
74079
74080
74084
74085
74089
74090
74094
74095
74099
74100
74104
74105
74109
74110
74114
74115
74119
74120
74124
74125
74129
74130
74134
74135
74139
74140
74144
74145
74149
74150
74154
74155
74159
74160
74164
74165
74169
74170
74189
74190
74194
74195
74199
74200
74675
74679
74683
74687
74691
74695
74699
74703
74707
74711
74715
74719
74723
74727
74731
74735
74739
74743
74747
74751
74755
74759
74763
74767
74771
74775
74779
74783
74787
74791
74795
74799
74803
74807
74811
74815
74819
74823
74827
74831
74835
74839
74843
74847
74851
74855
74859
74863
74867
74871
74887
74891
74895
163252
)


// ************************************************************************* //
