/*--------------------------------*- C++ -*----------------------------------*\
| =========                 |                                                 |
| \\      /  F ield         | OpenFOAM: The Open Source CFD Toolbox           |
|  \\    /   O peration     | Version:  v2012                                 |
|   \\  /    A nd           | Website:  www.openfoam.com                      |
|    \\/     M anipulation  |                                                 |
\*---------------------------------------------------------------------------*/
FoamFile
{
    version     2.0;
    format      binary;
    class       cellSet;
    arch        "LSB;label=32;scalar=64";
    location    "constant/polyMesh/sets";
    object      concaveCells;
}
// * * * * * * * * * * * * * * * * * * * * * * * * * * * * * * * * * * * * * //


6522
(
73728
73729
73730
73731
16387
73733
73735
73736
10
65547
11
106509
14
106511
65551
15
16
17
65558
16407
106522
106524
16412
106526
16417
73763
122917
73765
16421
73766
16422
122919
16426
16427
73774
73775
155696
16432
57393
155698
155700
106549
16437
106551
73784
73785
57401
73786
57402
16442
58
73787
59
60
61
62
73791
24639
16447
63
155712
64
155713
57409
155715
24643
16452
16457
106571
16461
106577
16466
24663
73817
73818
73819
73820
57436
57437
57439
106592
16480
73825
106594
73826
106596
16485
16489
122987
106605
16493
106607
16497
16505
73850
16509
16513
24706
106629
16517
123015
106631
123017
16521
123018
123020
16525
106640
16529
106642
147603
106644
16533
147608
73880
16537
147610
73882
73883
73885
16541
73888
73889
16545
73890
73891
106661
16549
73896
73897
16553
16557
16561
16565
32953
16569
106683
32956
106685
16573
106687
73919
32959
16575
41152
16576
16577
32962
41155
49349
16581
41158
106696
49353
16585
106698
73932
73933
49357
16589
73935
32977
16593
41170
32980
73941
65749
41173
73942
73943
41176
24792
49369
24794
73947
65755
73948
73949
106718
73950
225
106722
73954
226
227
106724
32996
228
229
106726
32999
232
16617
41194
41197
16621
16625
106739
106741
73974
16630
106743
16632
106745
65789
65790
49411
73997
106766
73998
73999
106768
74000
74004
106780
74026
74028
24876
74029
24877
24878
106801
16690
16691
16692
74043
74044
74045
74046
57665
74051
57673
16722
74067
16724
106837
74069
106839
106841
74074
74075
74076
74077
57695
74080
74081
57698
106851
74083
74084
57701
106854
74087
106856
74088
57704
74089
74090
57707
57710
74095
74096
74097
57713
74098
57716
74103
106872
74104
147834
106874
106876
74109
74110
156034
74115
74116
156038
57734
156039
156042
156044
106892
156045
74125
57741
106894
74128
74139
74144
41377
74146
74149
41386
33194
106927
33203
147896
106942
41407
106944
74176
106946
74178
74179
41411
106948
41415
41417
41419
459
460
41421
461
462
41423
463
464
465
74195
467
33236
74198
470
33239
33240
66009
33242
66012
41436
66015
74208
66018
74211
74213
66021
74214
66024
66027
147949
66030
106991
74224
106993
66040
66043
131583
49663
107009
49666
82435
49669
25094
25098
107019
49675
74253
107022
49678
25102
74255
107024
74256
74258
25106
131607
74263
131608
74264
147993
123417
131610
49690
74268
131614
25122
107047
107051
16952
16956
74303
16960
74305
74306
16964
582
16972
74317
74318
74319
74320
16976
74323
148052
74325
148054
74326
148056
148058
148060
123484
148064
57953
148066
74343
57959
25220
25221
25222
74375
74377
57993
74378
41610
57996
148109
148110
148111
41618
41621
74396
74398
74399
74401
74404
74406
74407
17066
74411
17067
74418
41651
41654
41656
74427
41659
74429
74430
66241
66244
708
709
710
711
712
66250
716
148178
74452
74453
74454
74455
25303
25304
25305
74458
25306
156379
74460
74461
74463
74466
17122
17123
74468
17124
74469
74471
33511
66282
74475
33515
66285
74478
49902
33519
33523
49913
33539
33543
33553
33557
17182
123680
17184
17185
17189
74535
17193
74538
74540
74541
17197
74543
82736
49968
17201
49971
17205
17209
74554
74555
74556
74557
17213
74558
74559
17215
17216
17217
74562
74563
74566
17222
74569
17227
74575
74576
17232
74577
123732
17237
123734
58200
58203
74589
74591
74593
74595
25454
74608
25458
74611
25469
91008
58241
17282
58244
74629
74630
74631
25479
17287
74632
74636
17292
91021
74637
74638
74639
74640
91025
74641
17297
74642
41877
17302
17307
74654
66462
74655
74656
17312
41889
17317
41896
74666
17322
148395
41899
148396
74668
148398
41902
74671
17327
74673
74675
25524
17332
74677
66485
25525
66487
91065
17337
41914
74683
74684
25532
41917
17342
91072
74688
74689
66497
74690
74691
66499
17347
74692
66501
74694
74696
17352
66505
74698
74700
17357
74702
74705
17362
74707
74708
66517
41941
74710
66518
17367
74712
66520
74713
41948
17372
41949
41952
123873
17377
123875
74723
74724
74725
17382
74728
74731
17387
74733
74734
74735
17392
74741
17397
74742
50169
17402
123903
17407
17411
1027
17412
1028
1030
1031
132104
74761
74762
25610
74763
25611
74764
25612
50189
25613
74767
50191
74768
74769
17425
156690
74770
50195
156692
156693
74773
50197
74774
74775
50199
74776
50201
17439
33824
74793
33833
50218
74795
74796
74798
50223
17457
17460
17463
74808
74809
74810
17466
74811
17469
17472
58433
74819
17475
74821
17478
74823
17481
74826
74827
74828
17484
74829
17487
17490
17494
17499
74845
74846
74847
25695
74848
25697
17506
74851
74852
74853
74854
148583
58471
17511
74856
74857
58473
74858
74859
58475
17515
58478
17519
58482
17523
58484
58487
17527
17531
66686
17535
74880
74882
74883
17539
1155
1156
1157
66694
1158
74887
17543
74889
1161
74891
17547
74893
148622
148623
17551
148624
132241
74899
17555
132246
17559
74904
132251
74907
17563
74908
132253
74909
74910
74911
17567
17571
66726
66727
17575
66729
74922
17579
74924
17583
42162
17587
17588
74933
17589
74934
17590
74935
17591
74936
74938
17595
74940
17599
17603
17607
74954
17611
74956
74958
74959
17615
17619
74965
74966
42198
17623
74968
42200
74970
42202
17627
42204
17631
42208
74977
74978
42210
74979
42211
17635
74982
74983
17639
74984
74985
17644
17645
17646
74997
74999
75001
75005
25853
75006
75007
75008
75012
34052
75013
75015
75017
75024
25872
75026
34067
25875
75028
75030
25878
75031
34071
75032
75034
75036
124189
75040
50464
34080
75042
75043
75045
75046
50470
75047
75048
17704
50473
17705
17706
50476
25902
75055
75057
25905
25908
75061
75062
25911
75064
75066
75068
75072
75073
75074
75075
75078
75079
34119
75080
34120
17736
75081
17737
17738
34123
75084
75085
75086
75087
25936
75090
75092
75093
75095
25943
75097
75099
75101
75103
75106
75107
75108
75109
75117
58737
75122
75123
75124
75125
58741
75127
75128
75129
58745
66943
58753
157064
157065
157067
66955
157068
75153
75154
66962
75155
124308
75158
75162
148892
148894
75166
75167
75168
75169
148898
26018
42403
26019
75172
26020
75174
75175
42409
58795
75187
75189
132534
1462
75191
1464
75193
75197
75198
75199
75200
75201
75202
75203
67011
75204
67014
42450
75222
75224
42456
75225
17898
75244
75247
26095
26096
157169
75249
75250
75252
157173
75253
157174
17910
75255
157179
157181
75262
50686
75264
17920
75265
50689
17923
50692
75269
75270
17926
75271
50695
75272
17929
75275
75276
17932
75277
75278
50704
50707
34327
17947
17950
75296
17953
50722
75300
50725
75302
75303
75305
75307
75311
75312
34355
17971
34357
17974
34359
1592
17977
1594
34363
1596
17981
1597
1599
75328
75329
1602
34371
1603
75332
34373
75334
75336
34376
75339
34379
75343
75344
75345
75346
75349
75350
75351
75352
75354
75355
75356
75357
75378
124531
75379
124532
124533
75381
75383
75386
75401
75403
75404
18060
18061
18062
67218
42642
75416
42648
75418
75419
75421
83614
75426
75427
91812
75428
26276
75429
42662
75433
75434
59050
42666
75435
75436
42668
59053
42670
59056
124594
67253
59062
42678
67255
75448
42680
67257
75450
75451
67259
67261
18115
67268
42692
18116
18117
75462
67270
18118
75464
67273
42697
75466
75468
75478
75479
26327
75480
26330
50908
75485
75486
26334
75487
75488
75490
124656
18167
18169
75514
18170
50939
50941
50943
50945
50947
75524
50949
75526
75528
50953
75530
50955
75533
75534
75535
75536
50961
50964
124693
50966
75545
75547
75549
75551
75553
75557
26406
26407
75560
75562
10031
10032
10033
75571
75572
75573
75574
75575
75576
149311
149313
34631
75594
149324
75596
75597
149326
75599
149331
75605
75606
75607
149336
10074
10075
10076
149341
75618
149347
75619
149348
75620
149350
75623
141160
75624
141161
83817
75625
141162
75626
141163
149356
141164
26476
141165
26477
26478
149360
149361
141169
141170
141171
141175
141176
141177
141178
141179
141180
141185
67457
10114
1926
1927
92040
1928
75657
1929
75658
1931
1932
75664
75665
141204
141205
75669
141206
59286
75672
75676
75677
75678
75679
92064
75681
75682
141219
75683
141220
75684
141221
92069
59301
18342
59308
92078
141231
10159
141232
75696
10160
141233
75698
75699
42931
75701
67509
67510
141243
141244
141245
1987
141252
75716
141253
51141
141254
42951
51147
18379
157645
141261
157646
141262
18382
141263
75728
51152
18385
51154
141267
75731
141268
18388
10196
141269
75733
75734
51158
2006
75735
18391
75736
59353
75739
75741
141279
141280
59360
141281
141285
141286
75750
141287
75752
75754
75755
51179
18412
75757
42989
141294
75758
51182
141295
75760
2033
51187
18419
2035
2036
2037
141303
2039
141304
43001
43004
10240
2048
10241
10242
2050
2051
75781
2053
75782
75784
75788
75789
141326
141327
75791
141328
75792
141329
141330
141331
75795
141332
141333
75797
141334
75798
75799
75800
141338
141339
141340
141353
141354
141355
10284
75822
10286
75825
26674
10291
34868
141365
75829
141366
141367
34871
75833
34874
26682
75835
75839
10303
75840
75841
18497
10305
75842
18498
10306
18499
18500
10308
75846
141383
75847
141384
75848
141385
75849
141386
75850
141387
141388
75852
141389
141390
141391
75855
141392
141393
141394
26706
10322
141395
141396
10324
141397
26710
75863
75864
10328
141401
75865
10329
141402
75866
141403
141404
141405
141406
141407
2143
141408
75872
141409
141410
75874
2146
141411
75875
10339
141412
10340
141413
141414
10342
141415
141416
26728
10344
141417
10345
141418
67690
10346
157803
26732
10348
157805
75885
141422
10350
141423
75887
10351
141424
75889
10355
75896
75898
92283
75899
92284
67708
75901
125054
92286
67710
10367
125056
67712
67716
2181
75910
67718
75911
10375
75912
2184
10377
92298
10378
92299
92300
10380
157837
10382
157839
75919
10383
75920
10384
92305
10385
92306
92307
10389
18582
18583
67736
18584
92313
10393
75931
75932
67741
92318
125087
92319
75935
125088
125089
92321
125090
59554
125091
92323
10403
125092
10405
10407
75946
10412
75949
75952
10416
2226
75955
75957
59574
59578
10427
59580
10429
2237
75966
59582
10430
10431
2239
10432
10433
2241
59586
26818
92355
26819
2243
59588
26820
92357
2245
92358
59590
92360
75976
75978
92363
75979
75980
51405
75982
92369
75985
92370
133333
2261
59606
149720
92376
75992
133337
92377
92378
59611
2272
133345
76001
76002
133347
51427
43235
2275
76004
133349
92390
51430
43238
92391
51433
43241
76010
76011
76012
76013
76014
51439
76017
51442
76019
76020
92407
92408
43256
92409
76025
92410
76027
43259
92412
76028
92414
76031
92416
76035
76036
35076
76037
76038
43272
43275
92428
92429
35085
92430
26895
76048
26896
51474
76051
76053
76054
76055
76057
51481
92443
92444
76060
92449
92450
92451
76070
92455
92456
76072
92457
92458
76074
76076
76080
76083
92468
92469
35129
92474
92475
76092
92477
92478
76094
76096
76098
92485
92486
92487
76103
76104
76105
18764
76109
76110
76111
76112
18768
76116
18772
76117
76118
76119
76120
76122
76125
18784
92514
92515
149860
18788
149861
125285
125286
149863
125287
76136
149865
76137
149866
76140
76142
92527
76143
149873
92529
76145
149875
92531
76147
92533
76149
76150
76152
92546
67971
76171
76172
18828
76174
18832
76178
76179
76181
76182
76185
76187
76188
92576
92578
92579
27044
92581
92583
27051
27055
27056
68017
68020
68023
92600
92602
76218
68026
76219
92604
76220
76221
68029
76222
76224
76225
76226
76227
133572
133573
133575
68040
133577
133578
59852
68047
59855
125393
59858
76243
76244
59861
76252
27101
43486
92639
76256
92641
27105
76258
92643
76260
51684
27108
76262
18918
27111
18919
141800
27112
18920
76265
43497
27113
141802
76267
27115
76268
27116
35309
76271
27119
76274
92660
92662
92668
76285
35325
92670
92671
76287
35327
92673
76289
35329
76291
76292
10756
10757
76294
10758
76295
10759
35339
92685
35341
76302
10766
92687
76303
92688
76304
51728
76305
76306
51730
92691
92692
92693
51733
92694
51734
76311
76312
51736
76313
125466
125467
76315
51739
125469
76318
35358
125471
35360
43554
43555
35363
141861
141862
43558
141863
76327
141864
92712
141865
76329
141866
92714
76331
27179
158252
92716
27180
76333
76334
76336
18995
92725
158263
158265
92730
158267
92731
92732
158270
92735
10815
92736
76352
76354
76355
10822
10829
92751
76368
10836
92757
92759
92761
92762
10843
92764
76381
76382
76385
10850
76388
76390
133735
76391
76392
10857
76394
76396
76398
92783
92784
10864
92785
27249
133746
27250
133747
27251
133748
92789
133750
92790
10871
2679
133752
2680
92793
133754
2682
76411
133756
125565
76413
125566
76414
10878
76416
10885
76423
76425
76427
10892
76429
92815
92816
76433
76434
92819
76435
10899
76436
76438
92823
92824
76440
76442
10906
92828
76444
92830
76446
76448
92833
10913
76450
76453
76455
10920
92841
76457
68265
60074
92843
76459
92844
68268
60077
92846
76462
76463
68271
10927
60080
158385
76465
158387
60083
68277
92854
60086
10934
92855
76471
76473
60089
158395
60092
158397
92861
76477
10941
158398
92862
76478
158399
92863
76479
60095
92864
76480
125633
158402
125634
10948
19143
19146
76491
10955
60108
142029
76493
19149
76495
60111
76497
76498
10962
76499
68308
76502
76503
76505
10969
76508
19164
92894
76510
19167
92896
10976
92898
92900
10983
76520
43753
10990
92911
142064
92912
92913
76529
51953
92914
76530
43762
19186
142067
76531
76532
43764
76533
19189
10997
92918
43767
76536
92921
76538
76539
11004
51965
43773
92926
43775
11011
92932
51972
35589
51978
11018
27403
92944
76561
35601
11025
76562
43795
43797
92950
27414
92952
76568
11032
76569
43802
27418
92957
27422
11039
92960
76582
11046
76583
35623
76585
35626
35629
11053
92974
92975
35632
35635
19251
19252
11060
76599
52023
76601
76602
76603
11067
76605
92991
35647
92993
11074
92995
92997
92999
93001
11081
93003
35661
27470
2895
93008
11088
93009
27473
93010
76626
2898
93011
76627
35668
27476
76629
11095
27480
76634
76635
76636
76638
11102
76640
93025
76641
76643
11109
93036
11116
125805
93037
93039
11123
76662
76664
76665
19321
19322
11130
142203
76667
19323
142204
19324
19328
11137
76676
19332
76677
60294
76679
76680
19336
11144
2952
2953
76682
2954
76683
19340
76685
11151
19344
19348
11158
19352
76697
76698
19356
76701
11165
93086
76704
19360
76705
76707
68515
19364
11172
27559
27560
19368
76713
27561
76714
76716
19372
76717
68527
19376
76722
11186
76723
60339
19380
93109
60341
93110
68534
60343
134072
11193
134074
60346
134075
76733
60349
60350
76735
76736
60352
19392
11200
93124
76740
19396
158661
93125
134086
93126
93127
11207
76744
19400
76746
93131
93132
19404
76749
134094
93134
11214
76752
19408
93139
11221
76758
76760
76762
76763
11228
68573
3037
3039
76768
93153
76769
68577
93154
76770
93155
76771
68579
11235
68580
68582
76775
76776
68584
76777
76778
11242
76779
93166
76782
52206
93167
68591
76784
93169
76785
11249
11256
125945
125946
27642
125947
76795
27643
44028
27644
19452
76797
27645
93183
76799
44031
11263
19456
76801
93186
44034
76803
93188
76804
52229
76806
11270
52231
76808
76810
52235
93197
52237
11277
52239
93200
93202
52243
44052
11284
52245
52247
134171
11291
134173
76829
76830
52254
134175
76831
76832
52256
76833
52258
11298
76835
52261
76838
35880
11305
150570
35883
19499
93231
126000
11312
93233
93234
93236
35892
19508
35895
11319
76856
19512
76857
76859
19516
11326
19520
76869
11333
76870
76871
76872
76873
76875
11340
76878
11347
126040
76888
35928
126041
19545
126042
11354
76891
126044
19548
76893
93278
76894
93279
19551
93280
76896
11361
19556
19559
11368
76906
76907
76909
19565
60527
11375
19568
76913
19569
76914
93299
76915
19571
93301
60533
19573
11382
76920
76921
19577
76922
60538
76923
76924
19581
11389
60542
76927
60544
76929
19585
76930
60546
11396
19589
76936
93321
19593
76938
11403
19597
76943
93328
76944
93329
19601
11410
60565
19605
60568
19609
11417
93338
93340
60573
19613
11424
27809
19617
19621
76966
11431
19625
76970
68779
76972
19629
11438
76977
19633
76978
76979
68787
76980
27828
19637
11445
93366
93367
27831
19641
68794
27834
11452
93373
19645
93374
76991
76993
19649
76995
11459
76997
19654
19655
19656
93385
27849
93386
77002
11466
93387
77003
27852
77005
93390
77006
142543
77007
93392
11473
77012
68821
93400
11480
77017
93402
68826
44253
126175
11487
126176
44256
77027
44259
77028
11494
77031
27879
77032
27880
93418
77034
93419
27883
77036
44268
11501
77038
77039
44271
93424
77040
11508
77045
11515
77053
77055
77057
11522
77059
77061
11529
44299
77068
77069
77070
44302
11536
93458
93459
77075
52499
77076
3348
93461
3349
3350
93463
11543
77081
19737
19738
93467
19739
19740
77086
11550
77087
77088
11557
36138
11564
93486
93487
93489
93491
11571
93494
77111
77112
93497
77113
36153
93498
11578
93500
27965
93502
77118
27966
27967
27968
11585
77122
11592
77130
52554
77131
77132
11599
93520
93521
77137
77138
52562
52563
142677
52566
36182
11606
77143
77148
77149
11613
77150
3425
11620
93542
11627
11634
77172
77174
11641
60795
93564
93566
93568
77184
93569
77186
93571
77187
93573
77191
150920
150921
150922
77195
150924
150925
77197
150926
93582
93583
77200
77202
28050
28051
77204
60820
28052
77206
60823
77209
60826
77211
60829
134561
93602
93603
77219
60835
93604
77220
77221
60838
69031
93610
77226
69034
93611
77227
77228
69037
69040
11698
69043
11699
69046
93623
93625
69049
60857
93628
69052
77245
77247
60863
44479
60864
77249
44482
77251
60867
77253
93638
93639
77255
93641
77259
93646
77262
93649
69073
44498
93651
126420
44500
126421
44502
44504
77274
77276
77277
77278
77279
11745
11746
77284
19940
77285
11749
44518
93671
93672
44520
19944
134634
77290
44522
134636
19948
134637
93678
44526
134639
19952
93681
77300
19956
77301
93689
77306
93692
44540
93694
44545
77314
77316
93704
19976
77324
19980
93709
93710
77326
93715
151060
77332
11796
77333
11797
36374
19990
11799
151065
151066
77338
19994
36383
151073
151075
77356
77359
77361
77362
93747
77363
77364
93750
93751
77369
52794
36410
36412
11836
52797
11837
3645
77374
11838
3646
77375
11839
3647
52800
28224
93761
93762
52803
36420
36421
93767
93768
93769
52809
28236
52815
77392
126545
77393
77394
93781
93782
93784
93786
93788
77404
159325
77405
93790
93791
93793
77410
142948
159333
142950
52838
159336
142952
77417
77419
93804
93806
77423
20079
93808
77424
20080
77425
20081
20082
126580
77430
126587
77435
28283
28286
151167
93823
151168
93825
28289
28290
3716
151173
77445
28293
77446
28294
3718
151175
77447
28297
151180
28301
151182
77456
77457
77458
69268
151192
61080
77467
77469
77474
77475
77476
44711
93865
44714
93867
93869
77486
93871
93872
77488
93873
93874
77490
44722
77492
77493
77495
77497
44730
77499
69309
69312
69313
77506
61123
77508
20164
61125
20165
61126
20166
93898
77515
93900
77516
143053
77517
143055
93903
143057
77522
77523
77524
44756
93911
93912
93913
77529
44761
28380
28381
77534
28382
77535
77540
77541
77542
159464
159465
159466
77552
77553
77554
77559
77560
77561
77566
77567
93954
93956
77572
126726
126727
93959
126728
93961
93963
93965
77587
77589
93974
126744
159514
159515
12059
159516
77600
77602
77603
93988
77609
28457
28458
77612
77614
77615
77616
94002
53042
94003
94004
77621
53053
53054
77639
94024
53064
36680
77641
94027
77643
36684
94029
77645
94032
77648
36688
77649
94034
36692
77654
12119
126809
77659
12123
77661
126814
12127
77664
77666
77667
94053
77669
77671
94056
36712
77673
94058
126827
77675
36716
77677
151407
69487
151408
36720
12145
12146
77684
53108
94071
69496
53112
94073
77693
77694
53119
94080
94081
69505
36738
94084
94085
77708
94093
77710
94095
61327
94097
77714
143251
77715
77716
61333
77721
126874
94106
77722
69531
126876
94109
69534
94111
77727
102305
69539
77740
28590
77746
20402
77747
61366
20406
77752
94137
94139
44987
61372
28605
77759
77761
77763
77765
20422
102343
94152
135114
4043
135116
94156
143309
77773
77774
77775
77780
102357
77785
94171
126941
94173
45021
12253
12254
94176
12256
159713
102369
28642
102371
151524
151525
102373
159718
77798
102375
77800
151529
102377
151530
77802
151531
85995
77804
45036
151533
151534
151535
151536
159729
151537
102385
159730
45042
159731
151539
94196
151541
45045
94198
102391
159736
151544
94200
102393
159738
94202
151547
102395
94203
77819
151548
45052
77821
77823
77825
77827
45059
77830
102408
77832
102410
45066
102415
77839
102416
102417
77841
94226
77842
94230
127000
127001
20508
20509
20510
4126
28703
28704
28705
12323
12324
12326
143402
77867
102450
94258
77875
94260
77876
94261
94263
53307
77884
77887
94272
12352
77889
12353
94274
94275
77891
12355
53316
12356
94277
77893
69702
77897
77898
77899
53323
127053
102477
69710
102479
69711
102481
53329
69718
102492
102493
102494
102495
77926
28774
28775
28776
102505
53353
28777
102507
77931
12395
77932
12396
102509
28781
12397
53358
12398
20591
102512
28785
77938
69746
20594
127091
69747
102516
69749
28789
77945
61561
28793
77946
28797
61567
28801
36996
28805
77959
36999
28809
37002
77965
28813
77966
37008
28817
77970
37011
61588
12436
143509
77973
28821
12437
12438
77975
61592
77977
28825
61594
77979
61596
102557
28829
102558
61598
102559
77983
77984
61600
102561
77986
102563
61603
159908
159909
102565
77989
77991
61608
28841
61613
28845
102575
102577
78001
28849
78002
102579
12468
78005
28853
12470
78007
102585
28857
102587
69819
69820
28861
78014
28865
69826
69827
69828
28869
78023
78024
78025
69833
69834
102603
127180
127181
102605
127182
102607
78033
78035
78037
78044
78045
28893
78046
69854
45278
102623
78047
78048
69856
102625
78049
69857
45281
28897
102626
69859
102628
69861
28901
69862
69863
45287
28905
69867
4331
28909
4334
28913
102643
78067
4339
143604
28917
143606
78070
78072
151801
69881
28921
78074
102652
78076
28925
151806
102654
78080
78081
28929
28933
102662
78086
102664
69897
28937
160011
78091
78092
28941
45326
20750
78096
28944
127249
28945
127250
78098
69906
127251
69907
78100
69908
28949
102680
69912
78105
69913
28953
102682
102684
78109
20765
78110
78111
135463
135465
78121
135466
78122
69930
20778
102699
4395
4397
4398
78127
78128
78130
28978
102708
78132
28981
102710
78134
69942
69943
69944
28984
69945
78138
28987
78140
69948
78142
28990
69951
143680
78144
28994
69955
78149
28997
78150
69958
69959
69960
29000
78155
29005
78158
78159
78160
78161
53585
20817
20818
20821
69974
29014
29017
29018
29020
102749
29022
78176
29024
29026
78179
69988
78181
69989
69990
29030
78186
29034
69995
78188
69996
69997
78190
29038
78192
70000
37233
78194
29042
78196
78198
29046
53625
102778
29050
102780
29054
53631
78208
37248
4480
4481
78210
53634
29058
4482
78212
53637
78214
29062
12678
78215
78217
102794
29066
12682
78219
53643
78221
78222
29070
78223
70031
78224
70032
70034
29074
78229
29078
78234
29082
78235
29086
61855
70050
29090
70051
61859
102822
29094
61863
20904
70057
20905
29098
20906
78251
78252
78253
78254
61871
29103
29104
29105
78259
37300
78261
12725
70070
70071
37303
70072
78268
70076
78275
102853
102862
102864
102866
78293
78296
70104
70105
70106
61914
78301
61918
102879
70111
61919
102881
70120
70121
70122
70123
45550
102895
102899
70131
70132
78327
78332
20988
20989
20990
29186
102916
45572
29188
29189
78343
45575
12807
70152
12808
70153
12809
70154
45578
70155
102925
45581
127502
102927
78351
70159
78352
70160
45584
78354
127507
45587
70164
127509
45590
78364
78366
78368
78370
102949
78373
102951
78375
70184
102953
70185
127531
102955
45612
127533
102957
78387
78389
45621
78395
78396
78397
70205
78398
70206
12862
70207
12864
12865
102978
102979
70211
70212
78415
78417
78419
78421
12886
78423
12887
78424
12888
70233
12889
78426
143963
103009
103010
70242
70243
103012
78436
70244
53860
78437
103014
78438
103016
70248
70249
53866
78444
78445
78446
103025
103027
152183
152185
152187
152188
70268
70269
78462
37504
103043
78471
78473
37513
53899
103052
70286
103056
70288
103057
37524
37526
12951
37528
78489
12953
37530
12954
37532
78493
21150
12958
144031
103071
78495
70303
103072
144034
21154
12962
144035
144036
78501
70310
37542
12966
127655
78503
70311
37544
103081
78505
12970
103083
78507
103085
78509
12974
78511
103088
78513
4785
12978
4786
78515
4787
103092
70324
70325
37557
78518
12982
37559
12984
70329
29369
12985
37562
12986
70331
78524
29373
21182
70335
12991
70336
70337
21185
70338
78531
78532
21188
12996
78533
21191
29385
13001
127690
21194
127691
78539
78540
29389
21197
78542
13006
21200
62162
70356
70357
62165
62168
62171
103132
70366
62174
21215
78561
21218
78563
70372
62180
78565
78567
62183
78568
78569
21225
70379
78572
21229
78574
70385
45810
29428
78582
78584
29432
21240
45819
29436
29437
78590
4862
78591
4863
78593
103170
70403
70404
70405
70406
135944
135945
70409
135946
70410
70411
70412
70416
78609
70417
103186
70418
78611
103188
13076
103190
70422
70423
144152
70424
13081
45850
13086
45855
70432
45856
45859
13091
45861
78631
13096
78633
103211
103212
13101
78640
78641
78642
13106
13111
78648
70456
78649
70457
78651
13116
78655
70464
78657
70465
13121
78658
70466
70467
136004
78660
21316
21317
136006
13126
70471
70472
70473
13131
70478
70479
13136
29522
103251
29523
29524
103253
29525
13141
54106
13146
78684
78686
54113
103266
103268
54118
78696
78698
78701
54125
70511
103280
70512
103281
103282
70514
78708
78710
160631
78712
78714
78717
78719
78722
78724
54148
54154
78731
13195
54156
78733
70542
54158
70544
21392
70545
21393
136082
78738
54162
136083
136084
78740
103317
78741
70549
70550
103319
78743
70551
103321
13210
103323
70555
54171
144285
54174
54175
78754
78756
103334
78758
54182
103335
29607
78760
29608
103337
78761
78762
78763
103340
103342
37806
103344
78769
70577
37809
103347
13235
144308
78772
37812
144310
78774
103351
13239
5049
5050
70587
13243
5051
13244
70590
78783
13247
70592
13248
78785
70593
70594
13252
78789
78790
70599
127944
78792
13256
62409
127946
78794
127947
103371
127948
103372
78796
13260
127950
13264
103377
103379
78803
78804
62420
13268
78805
13271
103384
13272
70617
103386
70618
78811
70619
62427
78812
70620
78813
70622
70623
13280
13284
103398
103399
13288
103401
13291
13292
13296
13300
70645
70647
78840
13304
78842
70650
13308
70653
13312
5120
152577
5121
152579
5123
78852
13316
152581
78853
78854
5127
13320
62473
103434
62474
78859
5131
78860
70668
13324
78861
70669
62477
103438
5135
103440
13328
103442
70674
78867
70675
5139
78868
13332
78869
78870
5143
103448
13336
5147
13340
5151
13344
46114
103459
5155
13348
70694
46118
5159
78888
13352
46122
5163
13356
103469
46126
78895
5167
13360
103473
78897
70705
103475
5171
13364
103477
78903
5175
78904
13368
103482
78906
46138
5179
103484
13372
70717
13373
70718
46142
13374
70719
13376
70723
78916
70724
13380
103493
78918
78920
13384
103497
78922
103499
21579
13388
21582
5199
54352
13392
78929
21585
78931
5203
13396
78933
103510
78934
5207
54360
13400
78937
46170
78939
5211
70748
13404
78941
70750
46174
54367
5215
78944
13408
78945
5219
70758
70759
5223
70760
70761
5227
70765
70766
78959
5231
78962
5235
78964
78965
29813
13429
13431
5239
152697
54393
29817
103546
78970
54394
78971
5243
78972
54396
78973
29821
152702
144510
144511
5247
29825
5251
136325
5255
70793
70794
70796
78989
103567
78991
70799
70800
103569
78993
70801
29841
21649
70802
38034
21650
78995
21651
70805
38037
29845
70806
70807
38040
79001
70810
38043
79004
103582
38046
103584
70816
103586
79012
70821
79014
5291
29868
79022
38062
5295
79024
13489
79026
13490
103603
70835
13491
103605
79030
103607
79033
103610
103612
70845
103614
70847
79040
79042
103620
70854
79048
79049
79050
13521
103634
13522
62675
13523
79060
79062
70870
79064
70872
21720
79066
21722
21723
79068
79071
21727
70880
62688
79073
70881
70882
62690
21731
62692
70887
21735
62696
79081
62698
21739
79084
103662
79086
21743
79088
103666
21747
5363
103670
79094
70902
5366
70903
21751
5367
79096
70904
5370
21755
5371
103676
62716
70909
79102
62718
29950
5374
79103
21759
5375
79104
29952
79105
62723
21763
5379
21767
5383
70923
21771
5387
70924
79119
21775
79121
79123
21779
79125
103704
70937
70938
5403
5406
79136
5409
79138
70947
79140
79142
70954
79147
70955
103725
79151
5424
103729
79153
70961
103731
5427
79156
103733
79158
5430
79160
79161
5433
79163
5436
152893
152895
5439
103744
103745
79169
79170
5442
103747
144709
5445
70983
21831
70985
5449
70987
21835
5451
79183
21839
103760
79184
30033
79186
70994
30034
30035
21843
30036
54614
21847
21851
71004
54622
71007
21855
46432
71009
103778
79203
71011
46435
21859
103782
46438
144743
21863
71016
54632
79210
38251
21867
21871
79217
54641
103795
21875
38260
103797
128374
71031
21879
79224
71032
71033
21883
71037
71038
21887
79233
103810
79235
71043
21891
128388
71044
128389
103813
128391
21895
128392
103817
79246
103823
38293
54678
54679
38295
21911
13719
38297
54682
79259
38299
21915
38300
71069
79263
71071
21919
103841
71073
144802
38306
103843
71076
38308
103847
79272
79274
79275
79278
71089
21938
71091
71094
21942
71097
79290
71098
21946
79291
21947
79293
21950
21951
79296
71106
21954
21955
71109
13765
79303
71112
13768
79305
71113
13769
71114
79308
103886
21966
71119
103888
71120
103889
103891
79317
79319
79320
79322
21980
21981
21985
71138
71139
79333
21989
79335
30184
21993
136683
136684
103917
21997
136686
103918
79342
62958
103920
71152
62961
22001
30195
62964
71157
22005
79350
71158
79351
71159
62967
71160
103929
71161
22009
62970
103933
62973
22013
71166
30206
71167
22017
71170
71172
22021
103942
79366
103945
79369
71178
79371
103948
71180
71183
79379
79381
22037
79383
71192
79385
22041
103964
79389
22045
103966
79391
13855
103968
13856
22049
13857
71205
22053
79398
79399
144936
71208
30249
22057
71211
30253
79406
22062
79407
22063
22064
79409
71220
30260
79414
71222
79415
79417
71225
71227
71228
71229
79423
79425
71234
79427
71235
79430
79432
46665
79434
79436
79438
71246
5710
104015
104016
71248
79441
5713
104018
71250
79443
38483
5716
13911
5719
13912
71257
13913
104027
79451
38492
104029
79453
104031
71263
71264
136801
38497
79458
38499
79460
38501
79462
54886
79463
79467
38507
104044
79469
38509
104046
79471
54895
79473
79474
71284
71285
136824
79482
79483
22139
22140
79485
38530
30338
30339
30340
30341
38535
54920
54922
54924
46732
46733
79502
54926
104079
79504
54928
71314
79507
71315
71316
46740
104085
104086
54934
54935
104088
71320
71321
104090
54938
104092
54940
13980
13981
104094
71326
13982
79519
71327
13983
79521
54946
79523
79525
79529
104107
79531
104109
104111
104113
79537
104115
79539
71350
71351
71352
104124
71357
104126
104127
79553
79555
14020
79557
14021
14022
79559
14023
71368
79563
79564
79565
104142
63183
79571
71379
79572
71381
63189
79574
71383
30423
63192
30424
104153
30425
104155
63195
104157
63198
104160
63201
161506
104162
79587
71395
104164
79589
71397
79590
79592
71403
79603
79605
63221
79607
104184
63224
79609
71418
22266
79611
104188
71421
79614
71423
104192
79616
71426
71427
79624
71432
79632
104209
104211
104213
79639
71450
104220
79653
22312
104233
79657
104235
22315
79661
22318
22319
79664
79666
71475
104246
104247
71482
71483
71484
71489
71490
71494
71495
145229
104272
46937
55130
128859
128860
128861
145246
128863
71519
46943
71520
55136
128865
71521
38757
71526
104295
71527
71528
104297
46954
22380
71533
22381
71534
22382
104303
71535
46960
30577
46962
71539
71540
71541
145272
71544
46968
38779
104317
30589
38782
46976
30592
38785
46978
46980
38788
30596
71557
30599
71565
55181
38797
137102
137104
46992
38800
104337
104339
38803
30611
71573
46997
71574
38806
30614
71575
137112
137113
137114
137116
137118
137120
104352
137122
104354
38829
63407
104370
71603
22451
104372
71604
38836
22452
71605
63413
22453
104374
22454
71610
22458
71611
104380
22462
30656
22466
30659
63428
63430
22470
104393
22474
104395
71630
22478
128975
63440
128977
104401
63442
22482
128979
63444
63446
22486
128984
63448
128985
63450
22490
14298
104412
63452
63454
22494
14303
104416
71649
71650
22498
71651
71653
63462
22502
22506
22510
137201
22514
137203
14323
104436
137205
137206
22518
137207
71671
137208
71673
22522
71675
71678
22526
104447
71679
104449
22530
104451
71683
14341
22534
104461
71695
30738
30739
30740
71711
71712
71713
71719
71720
104496
104498
22578
153652
104500
22582
22586
153660
104509
153662
104511
153666
153668
55364
153669
71750
55370
71758
71759
22609
71764
55381
55385
22618
104539
55387
22622
55391
30815
55393
22626
55395
22630
71783
22632
22633
71786
22635
71788
22636
71789
104558
22638
71791
22639
14449
22642
14450
55411
14451
55413
22645
55416
104569
71802
71804
22653
104574
104576
71809
71810
39042
104580
47236
47240
39051
104588
22669
22671
47248
104593
22673
104595
63636
47252
104597
71829
71831
88216
22680
104601
71834
22683
71836
71837
63645
71838
22686
63647
22687
71841
71842
63650
145571
71843
22691
145572
22693
63654
88231
71847
22695
71848
22699
104620
71852
104622
22703
39088
39090
39091
22707
39093
71862
14518
22711
14519
47290
63675
22715
63678
47294
22719
104642
47298
63683
22723
47301
22727
137416
71880
6344
137419
22731
6347
137420
22735
22739
71892
22743
22747
22751
22755
71908
71909
71910
22759
22763
22767
22772
22773
22774
104695
71927
14584
71929
14585
14586
104714
30987
153868
104716
153870
71950
30990
153871
71951
71952
30993
71954
71955
71956
30996
104726
71958
14616
145691
145692
145697
145698
145699
104739
31011
71972
104741
88357
145702
71974
104743
145707
71979
104753
104756
104758
71992
71993
71994
71995
71996
71997
71998
22855
22856
22857
22858
104781
104783
104785
72022
72023
72024
72025
72028
72030
72031
31073
55650
31074
72038
39286
104824
39289
39292
104832
104834
72068
72069
39301
72070
39304
72075
72076
104846
72078
72079
72080
72081
72083
55699
72084
154005
55702
154007
154009
154011
55708
63901
47517
104866
47523
63909
55717
72102
47526
39335
31143
72104
31144
72105
47529
31145
39338
31146
31150
63922
47538
31154
104886
31158
72120
63928
72121
72122
31162
72123
104892
6588
104894
31166
6590
31170
6594
47555
31174
31178
104909
31182
104911
31186
104915
31190
31194
63965
63966
31198
63969
72165
104934
104936
72168
72169
72170
72171
72172
72173
31214
23022
31218
31222
31226
23034
104955
104957
88573
31230
31234
31238
72199
72202
31242
23050
23053
104976
23056
104978
14866
72212
72213
72214
14870
72215
72216
14874
145954
23074
88611
23077
72237
31278
31282
105013
88630
31286
23096
72249
31290
31294
72255
23103
72256
72257
72258
31298
105027
88643
72259
31302
88647
31306
88654
31310
105040
105042
88658
31314
105044
105046
105047
72280
72282
88671
39524
31333
72295
72296
31337
105068
39533
31341
105070
72302
72303
14960
72305
14962
72309
72310
72311
72312
105081
72315
72317
72318
72319
31361
39554
39556
31365
39558
31366
105096
39560
55945
105098
39562
31370
105100
55948
23181
31374
23182
55951
23183
23184
31378
137877
72341
55957
31381
137878
72342
39574
137879
47767
137880
55960
39576
137881
137882
39579
105116
105118
47774
72353
31394
72355
31395
31398
31399
15015
47785
15017
72363
31403
72364
55983
31407
64176
55986
31411
64182
31415
31419
105151
31423
105153
31427
72388
72389
72390
72391
31431
72393
72394
72395
31435
72396
72398
72399
31439
72402
31443
64213
47831
31447
105177
64217
146138
47834
64219
31451
64221
64222
31455
64224
64225
23266
64227
23268
64230
72427
72428
105197
72429
15085
72430
15086
105199
15087
72432
15088
105201
72433
72434
105203
105204
137973
137975
105209
31486
137986
121602
105218
137988
105220
137990
105225
105227
105229
72464
72466
72467
72468
15125
15126
15127
15128
154404
154405
154406
105254
154408
72488
121641
154410
121642
72490
154411
154412
154413
154414
154415
72496
154417
72497
146226
72498
154419
146227
138036
146229
138037
72501
138038
72502
105281
105284
105286
31561
31562
72529
72530
72531
105303
138072
138073
138074
105309
138078
105311
105313
138083
72547
72548
72549
138090
138091
138092
121710
138095
72561
105337
105339
105341
72576
72577
56193
154499
154500
154501
72581
105350
72582
154503
72586
48011
56205
23440
48017
39825
56212
23444
48024
72601
72602
48026
72603
39837
105374
48030
105376
48032
23456
64417
129956
72620
105389
72621
72622
105391
72623
105393
72625
72626
48053
121787
105407
31679
56258
39876
105413
72646
56262
72648
31688
39884
56269
39885
105422
105424
64468
31703
31705
31707
23515
15323
31709
31711
72674
72675
72676
72678
72679
15338
105451
105453
105455
31731
31734
15351
31737
31738
72702
31743
15363
105479
15367
105481
105483
105487
72719
105493
105495
72732
72733
72734
72735
72738
72739
138279
138280
121899
23597
23599
72754
31799
31800
31801
15419
72764
72766
15428
105544
72782
89172
7252
7255
146522
105564
72809
72810
72811
146547
23674
146555
23675
105598
31870
31871
31872
105601
31873
105603
130180
31877
56457
31881
64651
72845
31885
130190
130193
64657
31889
130194
72850
56466
122003
72851
72852
56468
130197
122005
31893
122006
122007
72855
72857
31897
105626
72858
56475
48284
72861
31901
105630
72863
64672
31905
122020
64676
48292
31909
122022
64678
15526
15527
64680
15528
31913
15529
64682
64684
31917
31921
138419
138420
48308
138421
72885
56501
31925
138422
72886
138423
72887
48311
72888
48314
72891
64699
72892
72893
64701
48317
40125
31933
72895
64704
48320
40128
31937
40131
31941
48326
48329
40137
31945
48332
31949
31953
105682
105684
72916
40149
105686
72918
146653
48352
122083
48355
40164
72934
72935
72936
105705
72937
105707
15596
72942
15598
72943
15599
72944
72945
72946
105717
105720
154873
31993
154874
105722
154876
31997
154880
32001
154882
32005
138505
32009
105738
138507
138508
105740
138509
32013
122126
105742
32017
32020
32021
105752
32024
32025
105755
23835
105757
32029
122143
72994
32035
72997
72999
32039
23847
73001
32044
23854
15662
32047
15663
15664
32049
32050
130357
32053
32056
32058
105787
32060
130365
105789
23869
32062
130367
105791
73023
73024
32064
73025
73026
32066
73027
130372
32068
130373
130374
32070
32072
105801
32074
105804
32076
105806
32078
15694
15695
32080
15696
122193
73041
32082
32084
32087
146778
32090
23898
146779
32093
32096
23907
32100
32102
146792
32106
73069
81262
73070
32110
73071
73073
32114
105843
73076
105845
73077
32118
154999
105847
73079
155001
73081
73082
32122
73083
155005
73085
73086
32126
155007
73087
155008
73088
105857
73090
32130
105859
73091
73092
105861
32134
73095
32138
73099
73101
56717
105870
32142
105872
73104
56720
73105
32146
56723
56726
32150
56729
32154
32158
56735
23968
23969
56738
32162
23970
32166
73130
64938
32170
32174
56752
56755
32179
130484
40372
32180
32181
48568
105913
73146
105915
105917
122303
105919
40383
40384
48577
40394
73170
105940
105942
73176
73178
73179
73181
64990
73184
64993
105954
73186
73187
48611
105956
64997
48614
24039
65000
24040
24041
65004
65005
105968
65008
15860
40438
73207
73208
73210
40442
105982
15872
40449
146952
73228
73229
73230
73231
73234
73236
73237
73241
106010
106012
15909
15912
106025
106027
106029
15918
73266
73268
15924
73269
106039
106042
106044
73282
73283
15939
73284
106053
73285
106055
106057
15946
73291
106060
73292
73293
106062
73294
106064
73297
106066
73298
73299
122452
106068
73300
73302
73305
106095
106097
147059
106099
147060
73332
147062
147064
122489
56953
147066
122490
147068
147070
56959
106123
130700
73357
106127
73359
130705
106129
24209
73362
130707
106131
130708
73364
73365
32405
16021
16022
73367
16023
130713
7833
73370
7834
7835
73372
7836
73373
7837
56992
32417
73378
73379
56995
7843
56996
7844
7845
7846
7848
7849
7850
7851
7852
7853
7855
48818
106164
48821
106166
7862
106168
7864
73401
106170
73402
48827
7867
73404
7868
73406
7871
89792
73408
40640
7873
7874
89795
32451
24259
7875
7876
32454
24262
7878
40649
32457
24265
73420
24268
16076
16077
73422
40654
16078
16079
7887
40656
7888
40658
32466
65236
73431
65239
24279
106200
106202
65242
40666
24282
32475
24283
106204
40668
7900
65245
48862
65248
32482
106213
106215
73448
73449
73450
73451
73456
73457
106227
40693
40698
65278
106242
106244
106246
106249
16137
16139
16140
106253
73487
73488
16144
73489
73490
16148
73493
106262
73495
73496
16152
16156
130847
16160
16164
106277
106279
16168
106281
16170
16171
16172
73519
73521
24369
16177
73522
24370
24371
16182
16187
16192
73540
16197
73542
73543
147278
106318
147280
106320
147282
57170
147284
147286
57179
106333
106337
163683
73574
57190
163687
147303
163688
147304
73576
57192
163689
147305
73577
163690
57194
163691
163692
73583
57200
106354
57202
57204
106357
106359
73593
73594
73595
73596
57212
57214
73599
73601
73602
24452
73605
24453
8069
24454
24455
8071
57225
57230
16272
106388
16277
106390
73625
73627
49051
49057
106410
8106
8108
106414
73646
73648
32697
49082
49084
32700
49086
32703
49088
73667
73669
106438
16327
106440
32712
106442
65482
49098
106444
73676
16332
73677
73678
73679
73682
73683
73684
73685
65493
65494
122842
106458
73690
73691
65501
73695
40930
32740
40933
32743
16362
16367
40945
16372
106487
73720
73721
16377
106490
73722
73723
106492
16382
122879
)


// ************************************************************************* //
