/*--------------------------------*- C++ -*----------------------------------*\
| =========                 |                                                 |
| \\      /  F ield         | OpenFOAM: The Open Source CFD Toolbox           |
|  \\    /   O peration     | Version:  v2012                                 |
|   \\  /    A nd           | Website:  www.openfoam.com                      |
|    \\/     M anipulation  |                                                 |
\*---------------------------------------------------------------------------*/
FoamFile
{
    version     2.0;
    format      binary;
    class       faceSet;
    arch        "LSB;label=32;scalar=64";
    location    "constant/polyMesh/sets";
    object      concaveFaces;
}
// * * * * * * * * * * * * * * * * * * * * * * * * * * * * * * * * * * * * * //


461
(
244737
239618
256003
284677
8205
225296
233492
431130
500763
431132
284700
270367
229413
500776
246825
239657
257070
285742
225327
287792
500785
270386
303155
221236
215095
287799
280635
291899
500800
321601
237633
256071
270410
265293
265294
263246
225359
233552
281681
287827
229462
280663
287833
300123
234588
300126
500832
291936
280673
279651
267364
270437
279660
300144
263281
263282
234610
279671
274554
274555
216188
304253
263294
232574
291968
279681
304257
260228
300165
500872
141450
234636
246925
215183
215189
295061
290971
302235
314523
238750
240802
295077
267433
233641
74922
290987
293036
324784
259251
325812
259260
245948
266430
295103
186561
266434
257218
238787
219332
293062
320710
245959
228551
259272
270537
232649
270540
8396
443597
276686
293070
310479
443601
227537
215254
259288
252121
8409
322781
223456
224481
272614
257255
241895
100583
257257
290027
222444
266477
224494
280814
238831
222449
308466
280822
232701
259326
317694
311551
218369
266498
387333
210184
8457
220427
214283
242956
210191
387345
214289
387350
251158
226585
321819
210204
254237
210205
216350
216357
305445
502060
502062
269614
321839
302383
300340
222518
311
227640
231738
269628
295238
443720
296266
443723
217420
296270
276816
295249
305489
259413
303450
279906
305511
305517
278894
303470
279919
238962
289140
268667
276864
309632
276869
278918
234888
279944
276874
258445
289165
303504
407954
299410
276884
407957
299414
239003
239007
277919
274848
249253
299431
279978
299443
218548
305588
324032
309700
271813
256458
239051
228813
266705
198097
266706
277972
274901
287191
229853
75231
277983
315872
239074
239078
294377
233964
198135
198136
198144
180737
228870
290316
271886
272911
207379
271891
310803
291349
297496
241181
232991
232993
329250
273957
292391
317991
273965
119345
292404
228924
215614
276031
294467
276037
216646
119367
266826
273994
292427
297548
272974
292430
315986
282206
139872
300640
330339
158311
293484
286317
294509
293487
256627
8822
288378
297594
227963
294523
294524
282238
298627
222852
287367
259722
283274
240268
315020
316046
263827
288403
507546
294554
524956
283294
231071
231074
328355
271011
287402
298666
282287
219824
298673
257719
225976
232121
294585
283322
266939
257725
498367
274112
283328
266946
525004
285398
507611
285408
251618
271076
277221
271079
272104
265963
321260
254704
304884
231157
234230
217847
498425
285433
302844
282365
444158
264958
444160
321282
292611
250628
302853
275206
285451
278284
413453
314125
413456
272146
282388
372503
231192
301850
273181
285474
266021
232229
242471
320300
242482
309042
260915
525108
279350
304952
293690
301886
326467
233289
216905
284492
288591
269138
235347
216918
225116
269153
292705
269156
305001
305007
284528
129906
271220
243575
224121
268156
213886
243586
232322
250755
305031
217993
284563
278423
301975
327576
286616
235418
87965
301983
498592
327584
286624
301990
282535
252841
275369
230318
275374
232374
303031
322490
219067
328636
328639
286655
223170
275394
223175
290759
303048
282572
225229
239568
290768
498644
229334
276438
282582
304087
289753
297947
307163
265181
295906
235491
296932
216037
147430
264173
500719
295922
297972
296950
233463
276471
475128
233465
165881
95225
297978
)


// ************************************************************************* //
