/*--------------------------------*- C++ -*----------------------------------*\
| =========                 |                                                 |
| \\      /  F ield         | OpenFOAM: The Open Source CFD Toolbox           |
|  \\    /   O peration     | Version:  v2012                                 |
|   \\  /    A nd           | Website:  www.openfoam.com                      |
|    \\/     M anipulation  |                                                 |
\*---------------------------------------------------------------------------*/
FoamFile
{
    version     2.0;
    format      binary;
    class       cellSet;
    arch        "LSB;label=32;scalar=64";
    location    "constant/polyMesh/sets";
    object      concaveCells;
}
// * * * * * * * * * * * * * * * * * * * * * * * * * * * * * * * * * * * * * //


5894
(
122881
32769
122882
122883
73731
40963
90120
90121
90122
90124
90126
122895
122896
122897
32790
122908
90140
122909
122910
122911
81951
40992
98340
98342
98343
98344
90152
122922
122923
122924
32817
147509
147511
122936
147513
122937
147515
90171
90172
41020
147517
90173
147519
90175
147521
90177
147523
147525
122950
147527
122951
147529
147531
147533
49230
90191
49232
147537
147538
49234
41042
122964
49236
147541
122965
147542
122967
98392
49240
41048
147545
49241
147546
98394
49242
98395
90203
98396
147549
147550
82016
147553
147554
122978
122979
147557
122981
147558
147561
147562
147565
41069
147566
90222
90223
122992
90224
147569
122993
90226
122995
41075
90228
147573
49271
147577
147581
147582
123006
123007
147585
123009
147586
90242
147589
114821
147590
147592
41096
147593
147594
147596
123020
98444
147597
123021
147598
98446
90254
123023
98447
147600
98448
147601
147602
49299
147604
147605
114837
147606
147608
147609
147610
123034
123035
147612
123036
147613
123037
147614
90273
82081
147618
90274
90275
90276
114853
90277
57509
147622
90279
57511
123048
57512
123049
57513
147626
123050
57514
123051
57515
57516
57517
147630
57518
57519
49327
57520
57521
147634
114867
147637
90293
123062
147639
123063
123064
147641
123065
147643
147645
147647
147649
114881
90305
147650
98498
147651
98499
123076
98500
49348
147653
123077
147654
123078
147655
147657
16585
147658
49354
16586
147659
16587
147660
16588
147661
147662
57550
16590
147663
114895
16591
147664
16592
147666
123090
16594
147667
123091
147668
123092
90324
16596
90325
147670
90326
147671
90327
90328
147674
90330
147675
49372
114909
147678
49375
123104
147681
123105
147682
123106
82146
147685
90344
147689
57578
114923
147693
123118
123119
16626
147699
90356
98550
147703
98551
98552
114937
147706
147707
123132
123133
65789
147710
65790
147711
65791
65792
147714
65794
147715
65795
65796
65797
147718
65798
57606
147719
114951
90375
65799
90376
65800
147722
123146
90378
147723
123147
90379
123149
90381
147726
16654
147727
147730
114965
147734
123160
123161
123163
90395
57633
147747
114979
82211
65829
123174
147751
123175
90407
147753
123177
98602
147755
98603
98604
147757
147758
147761
114993
24881
147762
24882
57651
123188
147765
123189
24885
147766
123190
57654
123191
24888
147769
24889
147770
90426
147771
24892
147773
90429
147774
90430
115007
90432
16704
147777
65857
147778
123202
123203
123204
147781
123205
147782
16710
147783
147785
147786
147787
147789
115021
147790
90446
147791
123216
147793
123217
147794
123218
147795
123219
147797
147798
65879
147801
74073
24921
147802
90458
115035
74075
74076
147805
147806
123230
98654
74078
123231
98655
123232
98656
74080
147809
123233
74081
147810
74082
147811
74083
82276
74084
147813
74085
147814
115046
147815
115047
115048
147817
147818
147819
123244
147821
123245
147822
123246
147823
123247
90480
147825
147826
65906
147827
147829
24949
147830
147831
65912
147833
147834
123258
123259
123260
147837
147838
147841
90497
147842
74114
147844
147845
65927
33159
123272
65928
33160
123273
65929
33162
33164
90509
65933
33165
24977
98706
98707
33171
98708
123286
123287
74142
90531
123300
123301
82341
98731
33200
123314
123315
90548
74164
74170
25022
123328
90560
123329
25025
98758
98759
98760
33228
123342
123343
74192
123345
90582
74198
147928
147929
82393
147930
147931
147932
123356
123357
147934
41438
147935
123359
98783
147937
147938
33250
41443
147940
41444
147941
82406
147943
90599
147944
33256
147946
123370
41450
147947
123371
74220
147949
123373
147950
147952
147953
147955
90611
147956
147958
147959
123384
147961
123385
147962
98810
123387
98811
147964
98812
147965
33277
147967
147968
147970
147971
147973
147974
123398
123399
41479
147976
147977
123401
90633
147979
90635
147980
147982
147983
147984
147985
147986
147987
98835
147988
123412
147989
123413
147990
123415
147992
33304
147993
82458
147995
147996
147998
147999
148001
148002
123426
123427
41507
148004
148005
123429
148006
90662
148007
82471
148009
148010
148012
148013
98862
148015
98863
148016
123440
98864
123441
148018
148019
123443
148020
148021
49717
148022
148023
49719
115256
148025
90681
49721
41529
148026
115258
115259
49723
148028
90684
148029
148030
123454
90686
148031
123455
115263
90687
41535
148032
148033
115265
49729
148034
148035
148036
148038
148039
98887
148042
123468
115276
148045
123469
148046
115278
148048
148049
148051
148052
41556
148053
148054
148055
148056
148057
148058
123482
41562
148059
123483
115291
82523
148060
148061
148062
49758
148064
148065
98914
148067
98915
148068
98916
148070
148071
148072
123496
115304
82536
123497
148074
148075
123499
90732
148077
148078
90734
90735
41583
148080
90736
148081
90737
90738
148083
148085
115317
148086
123510
115318
123511
148088
148089
123513
49786
148091
98939
148096
115330
148099
115331
123524
123525
148102
123527
148104
148107
57996
148109
115341
148110
115342
57998
115343
57999
148112
115344
58000
148113
58001
123538
58002
148115
123539
58003
98964
58004
123541
58005
148118
98966
58006
49814
98967
58007
98968
58008
148121
148122
115354
115355
148124
115356
82588
148125
115357
148127
90783
148128
123552
123553
90785
148130
90786
148131
123555
90787
90788
148133
90789
148134
115367
148136
115368
148137
115369
82601
115370
148139
148140
148142
123566
148143
98991
148145
148146
17074
90803
17075
148148
115380
115381
58037
17077
115382
148151
115383
17080
17081
148154
17083
123580
148157
17085
148160
115393
115394
148163
115395
49859
148164
148166
49862
148167
99016
148169
99017
148170
123594
99018
99019
148172
99020
148173
115406
148175
148176
115408
58065
148178
90834
148179
90836
148181
90837
148182
90838
90839
123608
90840
115419
17115
115421
82653
115422
99043
66276
123622
90854
66278
123623
66279
115432
66280
66281
115434
66282
115435
66283
66284
66285
58093
66286
66287
140018
123636
140021
123637
115445
140022
115447
17143
115448
140025
140026
99068
140029
99069
99070
99071
99072
140033
123650
115458
123651
123652
115460
140037
115461
90885
140039
90887
140040
90888
58120
140041
90889
90890
140043
90891
140044
66316
140045
17165
140047
115471
140048
123664
140049
123665
115473
123666
115474
140051
140052
140055
99095
140056
25368
90905
25369
140059
140060
115484
25372
115485
58141
123678
115486
82718
140063
123679
115487
140064
123680
25376
140067
25379
90917
140071
66344
17193
115498
140075
115499
123692
115500
123694
140079
99119
17199
140080
99120
99121
99122
140083
99123
140084
99124
140087
115511
140088
115512
90936
115513
123706
90938
140091
90939
140092
123708
90940
90941
140094
90942
66366
140095
140096
25408
140098
74562
140099
140100
115524
74564
115525
74565
115526
140103
140104
123720
74569
123722
74570
140107
99147
74571
140108
90956
74572
74573
74574
140111
140112
115537
115538
140115
115539
140116
123734
140119
123735
140120
123736
90968
66393
140124
25436
115550
115551
82783
66399
140128
115552
99171
140132
123748
99172
140133
123749
99173
123750
99174
99175
140136
99176
140137
115562
115563
90987
74603
140140
115564
140141
115565
90989
90990
33646
140143
90991
33647
90992
140145
90993
33649
123762
25458
140147
123763
33651
123764
66420
33652
140149
140151
115575
25464
140153
115578
33658
140155
140156
140157
140159
99199
91007
140160
123776
140161
123777
123778
140163
140164
115588
115591
74631
140168
91019
140172
123790
123791
140176
123792
115601
140180
115604
140183
99223
33687
140184
99224
99225
99226
140187
99227
140188
123804
99228
123805
74653
123806
115614
91038
140191
140192
91040
82848
115617
91042
140195
91043
74659
140196
91044
25509
140199
140200
25512
140201
123818
140203
123819
115627
140204
140205
115630
140208
140209
91058
99251
33715
140212
140213
140216
123832
115640
140217
123833
115641
74681
140219
115643
140220
140221
91070
140223
74687
140224
140225
140227
140229
115653
41925
115654
115655
115656
33737
99274
41930
99275
41931
99276
123853
99277
123854
99278
123855
99279
33743
123856
99280
91089
41937
115666
115667
91091
115668
140245
115669
91093
74709
91094
140247
91095
140249
140251
140253
140255
115679
140256
115680
140257
115681
82913
115682
140259
140260
33764
140261
91109
140263
140264
33770
140268
115694
41966
115695
91121
140276
140277
140279
140280
140281
140283
115707
140284
115708
140285
99326
140287
99327
33791
140288
99328
99329
99330
140291
99331
140292
99332
91140
140295
140296
115720
91144
115721
91145
91146
41994
140299
140300
140301
140303
140304
140305
140307
140308
140309
115733
115734
140311
140312
91160
140315
140316
50204
50206
140319
140320
42016
50209
115746
82978
50210
140323
115747
140324
91172
42022
140327
140328
50216
140329
140331
140332
140333
140335
115759
140336
140337
99378
140339
99379
140340
99380
140341
99381
99382
140343
99383
91191
140344
99384
140345
140347
91195
42043
140348
91196
140349
91197
140351
140352
140353
42049
140354
140355
140356
140357
50245
115786
91211
42067
42070
115799
91223
50273
83043
115812
99430
99431
99432
99433
99434
91242
99435
99436
91246
91247
91248
115825
58483
58485
58486
58487
58488
58489
58490
58491
58493
50301
115838
91262
58494
58495
115850
91274
115851
107662
140438
140439
115863
115864
140441
140442
99482
99483
17563
99484
58524
17564
140445
99485
91293
17566
99487
140448
124064
99488
124065
91297
17569
91298
17570
140451
91299
115876
83108
17572
115877
140454
17574
124071
124072
140457
140460
50349
140462
140463
140465
115889
91313
140466
140468
140469
124085
140471
140472
58552
140474
140475
140477
115901
91325
140478
115902
140480
140481
140483
124099
140484
124100
17604
140485
140486
140487
140488
140489
140490
115914
140491
66763
140492
140493
140494
99534
66766
140495
99535
66767
140496
99536
91344
66768
140497
124113
66769
124114
66770
140499
66771
140500
99540
91348
66772
58580
91349
66773
140502
91350
66774
140503
115927
140505
115929
140506
140508
140511
124127
124128
17632
140513
140514
140516
91364
140517
83173
115942
140519
140520
140521
140522
140523
99563
140524
140525
124141
140526
124142
140527
58607
91376
140529
140530
115955
66803
140532
140533
17654
140535
140536
140538
124154
140539
124155
124156
140542
25855
115968
25856
140545
99587
91395
25859
99588
58628
25860
91399
140552
99592
91400
124169
91401
124170
25866
140555
140556
115980
140557
115981
140558
140559
66831
140560
140562
17682
140563
140565
140566
124183
91415
124184
17688
140569
115993
115994
140572
99615
140576
140579
91427
124197
66853
140582
124198
116006
83238
25895
140584
140585
140587
75051
140589
75053
140590
75054
140592
140593
75058
140595
124211
116019
75059
124212
75060
75061
140598
91446
75062
99639
91447
75063
99640
140601
91450
91451
140604
99644
91452
140607
140608
116032
66880
124225
140610
124226
140611
25923
140613
140614
66886
140616
140617
91466
140619
140620
124239
124240
99667
75092
34133
91478
34134
140631
34135
140632
34136
25945
140634
34138
140635
66907
34139
140637
124253
140638
124254
25951
140640
140641
34145
140643
140644
140646
124262
140647
83303
140649
91497
140650
124266
91498
124267
99691
140652
124268
99692
140653
91501
91502
140655
91503
140656
99696
75120
140658
140659
140660
124276
140661
140662
140663
140664
124280
124281
140666
124282
140667
140669
91517
140670
34174
140672
140673
124290
140675
140676
140678
124294
75142
140679
124295
99719
124296
140681
91529
140682
75148
140685
116111
25999
140688
124304
140691
124308
124309
124310
34202
116124
91548
91549
124318
99744
91552
91553
124322
99746
91554
75170
124323
99747
124324
99748
83368
75176
116137
124332
107948
42412
107949
107950
124336
91568
42416
34224
124337
124338
42418
107955
107956
83381
116150
34230
42424
124346
99771
91580
124350
75198
124351
124352
116163
124360
34251
124366
91599
116176
91600
91601
91603
99796
91604
91605
42453
99798
99799
99800
124380
91619
34278
83433
124394
99823
91631
42481
83446
124408
140795
140796
140797
140798
91650
91651
50691
116228
91652
91653
50693
124422
91654
50694
91655
42503
99848
91656
50696
50697
99850
50698
99851
42509
50703
116241
124434
124436
91670
116254
124448
124449
124450
91682
42530
99875
42536
83498
116267
50732
124462
124463
124464
91701
91702
91703
83511
116280
91704
91705
91706
42554
91707
124476
99900
124477
42557
124478
99902
99903
116293
50760
91721
124490
124491
124492
116306
91733
99927
124504
124505
124506
58970
58972
58973
58974
116319
58975
58976
58977
58978
58980
50788
124518
58982
124519
124520
91752
91753
91754
91755
83563
91756
91757
91758
99955
124534
83576
91772
50815
59011
124548
18052
18053
18055
91784
18058
18059
18061
18062
18063
116370
91803
91804
91805
91806
116383
91807
59039
91808
91809
100007
108200
108202
108203
116396
83628
116397
18093
91823
67250
67253
67254
67256
116409
83641
67257
116410
67258
91835
67259
59067
124604
67260
67261
116422
116423
18121
124618
91854
91855
91856
91857
91858
91859
116436
91860
59094
124631
124632
67290
100059
18143
116449
91874
124645
124646
26342
26343
26346
59115
26347
116460
83693
116462
91886
26353
124659
67318
116473
83706
116475
18171
124673
91905
18177
91906
91907
91908
91909
116486
91910
91911
116488
67340
26382
124687
100111
124688
116499
116500
75540
116501
91925
75542
75543
75547
75548
124701
75549
124702
75550
75551
75552
116513
91937
116514
67367
26410
124716
67373
116526
83758
116527
91956
91957
91958
91959
91960
91961
124730
91962
116539
83771
116540
34620
75581
34621
34622
34623
26432
34625
67394
34626
100163
26438
116551
124744
116552
91976
34632
116553
116564
91988
116565
124758
116566
75609
116577
116578
124771
116579
124772
34661
92007
92008
75624
92009
75625
92010
75626
92011
75627
92012
92013
75629
116590
75630
116591
83823
116592
124785
124786
100211
75637
26486
100215
124794
116603
92027
116604
83836
116605
124799
124800
34689
75652
75653
75654
92039
124808
116616
75656
116617
75657
116618
75658
100239
75665
42899
116629
124822
116630
116631
42903
34711
42905
124826
92058
92059
92060
92061
34717
92062
92063
42911
92064
75680
116642
75683
116644
75684
75685
75686
100263
124840
100267
92078
83888
34738
124854
116663
92090
42940
83901
100291
124868
92109
34765
92110
92111
92112
124882
92114
92115
42968
100315
100319
124896
92129
124898
51178
51180
92141
51181
124910
42990
51183
124912
51184
83953
51185
42996
51190
100343
124924
124926
83966
92160
92161
92162
92165
92166
43017
124938
124940
100367
43023
100371
51219
92180
124952
124954
92192
43041
43044
124966
124968
100395
51247
84018
92211
124980
92212
124982
92216
92217
59457
124994
124995
100419
59460
59461
59462
100423
92231
59463
59464
59465
51275
59469
125008
125009
92243
125022
125023
92262
51302
92263
59498
92267
125036
92268
125037
18541
18542
18544
18545
84083
18547
18548
18550
100471
18551
18552
125050
92282
125051
100475
125060
92294
59526
125064
116872
125065
116873
125066
116878
116879
116880
125074
125078
18582
125079
125080
116888
92313
67737
92314
67739
116892
116893
67741
116894
92318
92319
67743
125088
67744
67745
67746
59554
67747
125092
67748
125093
125094
116902
116906
116907
100523
141484
116908
141485
92333
125102
100527
125106
18610
125107
125108
116916
84148
116920
92345
116922
59581
125120
125121
67777
125122
116930
116934
116936
18632
92364
92365
26829
125134
26830
125135
125136
116944
26832
92369
26833
92370
59602
26834
116948
116950
26840
125148
125149
67805
125150
116958
100575
92384
116962
100579
116964
18660
125162
18666
125163
125164
116972
92396
116976
116978
67827
84213
26869
125176
125177
125178
116986
76029
116990
92415
76031
116992
92416
76032
125186
92420
76036
92421
76037
125190
76038
125191
76039
125192
117000
76040
76041
117004
117006
67854
125200
26897
100627
92435
125204
67860
125205
125206
117014
100631
117018
117019
117020
125214
92447
125218
125219
35107
125220
117028
35108
35109
76070
35110
26919
117032
35112
117033
67881
35113
117034
125228
26925
35119
125232
125233
125234
92466
92467
117046
84278
117047
92471
117048
92472
125246
125247
125248
76098
141636
117060
117061
117062
92486
100679
100683
125260
35148
125261
125262
117074
92498
117075
117076
125274
125275
125276
26973
76126
117089
117090
100707
92517
92518
125288
125289
125290
92522
92523
117103
117104
125302
125303
92537
76154
43386
100731
117118
43390
35198
100735
43392
125316
35204
125317
92549
43398
117132
125330
125331
100759
92568
92569
35225
117146
92574
125344
125345
43427
117160
92588
125359
100783
100787
35252
117174
92600
117182
43455
117188
100811
92619
117196
92620
92623
117201
92625
51665
117202
51667
51668
43477
51670
51671
125400
51672
117210
51674
51675
43483
51676
51677
117215
92639
117216
100835
125414
100839
117224
92651
117229
117230
43504
125428
125429
117238
43510
51706
117243
117244
92670
100863
92671
92673
92674
125443
117252
92676
43528
117257
117258
43531
125457
117266
92690
100886
51734
117271
100887
117272
100891
92702
125471
117280
117285
117286
59944
59947
59948
125485
59949
117294
59950
59951
59952
92721
92722
59954
51762
117299
117300
92724
59956
92725
92727
125499
117308
117314
92741
125513
117322
100938
100939
51789
100943
92753
59985
19030
125527
19031
117336
19033
19034
19036
19037
19039
19040
19041
92772
125541
125542
92775
92776
92777
60013
125555
125556
117368
100991
19071
68224
68225
68226
100995
68228
117382
68230
117383
68231
125576
68232
125577
68233
60041
68234
68235
117396
117397
92823
92826
92827
19099
92828
117410
117411
60068
68264
117424
117425
19121
101043
27316
27317
101047
27319
27320
60089
27321
84668
117439
27327
117440
133825
133827
68292
92874
117453
92877
19149
117454
92878
92879
19155
68314
117468
27356
76518
101095
76520
76521
19177
117482
101099
76525
76526
76527
76528
76529
76530
68341
117496
27384
68347
92925
84733
92928
92929
92930
117509
117510
35594
35595
35596
35597
27406
76559
35599
68368
35600
125713
92945
117523
117524
27412
35606
101147
101151
117536
117537
117538
76587
117550
117551
92976
92979
35635
92980
92981
92982
117560
117564
117565
84798
92996
117574
76615
142152
142153
142154
117578
117579
101199
101203
117588
117592
117593
43873
117602
93027
76643
43877
35685
117606
93030
117607
43879
93033
35691
43885
117620
117621
93047
84863
35712
117634
117635
101251
93059
117636
101255
43914
84876
117649
117650
93078
35739
93084
117663
117664
43942
117672
93098
117677
117678
117686
93110
101303
52152
52154
117691
101307
52155
117692
43964
52158
52159
84928
52160
52161
52162
43970
52163
117700
52164
117705
93129
117706
84941
93135
117714
101331
117719
43991
93149
43997
117728
52193
117733
93161
101355
117742
101359
44015
44018
117747
117756
93180
52221
117761
84993
93186
101383
117770
117774
85006
117775
60431
93200
60434
60435
60436
60437
60438
60439
117784
60440
60441
52249
60442
60443
117788
93212
117789
101411
117798
117802
117803
117804
93231
117812
52276
93237
117816
60472
117817
117818
101435
19519
19520
85058
19522
93251
19523
19525
117830
19526
117831
117832
19528
19529
19530
93263
117844
101460
60500
117845
101461
117846
101462
101463
101464
117854
117858
93282
117859
117860
68711
93288
68712
19560
68713
68715
117868
68717
68718
101487
68719
117872
68720
60528
117873
68721
117874
68722
93302
117882
117886
117887
117888
93314
19588
101510
117896
101512
101513
101514
101515
60555
117900
101516
117901
117902
68751
109712
109714
93333
117914
19610
117915
93339
27803
117916
27806
27807
60576
27808
101539
117924
27814
117928
117929
93353
117930
117938
93365
117942
19638
117943
117944
101562
101563
101564
19644
101565
101566
117952
101568
68801
27843
117956
134341
117957
134342
117958
134343
93384
117966
93390
77007
77009
117970
19666
117971
117972
77014
77015
77016
77017
77018
77019
117980
93404
68828
27871
117984
117985
117986
68834
93416
117994
117998
101614
117999
101615
118000
101616
101617
36081
101618
36082
36083
36084
27893
36086
68855
36087
118008
77048
93435
27899
118012
118013
36093
93441
118022
118026
118027
93455
85266
118036
77076
118040
118041
36122
93467
118050
101666
101667
101668
101669
118054
118055
93486
77104
118068
93492
118069
93506
134467
118083
134469
44360
77132
44364
36172
93518
44366
118097
36178
85331
44372
101718
101719
101721
101723
118111
118112
93537
109923
109924
93543
36199
118125
118126
44401
93557
118139
118140
93569
36226
118153
118154
101770
101773
44429
101774
101775
93588
85396
118167
118168
93594
52639
52642
44451
118180
118181
52645
118182
52646
52647
93608
52648
52649
44457
52650
52651
118194
118195
118196
101822
44478
126400
118208
126401
101825
126402
118210
101826
101827
44484
93639
85448
52680
93645
118224
85461
44502
44505
93659
118238
52708
118251
118252
101874
101875
101876
101877
101878
60918
101879
118265
60921
118266
93690
60922
60923
60924
60925
60926
60927
93696
60928
52736
60929
60930
118279
118280
85513
93710
118293
118294
85526
52763
118302
60959
118307
118308
101926
101927
101928
20008
101929
20009
101930
101931
118316
20012
93741
20014
20015
118321
118322
20018
93747
20019
118330
60987
118335
93761
118344
85578
118348
118349
69198
69199
69200
20049
69202
69204
69205
118358
69206
85591
69207
61015
69208
69209
118362
101978
126555
118363
101979
101980
101981
101982
101983
101984
93792
93798
20077
118383
118384
118385
61042
93812
69238
28290
20099
28292
28293
61063
28295
85643
28301
102030
102031
102032
102033
102034
102035
93843
102036
93849
20121
20123
20133
93863
69288
28330
69294
20148
20149
20150
20151
77496
77498
20155
77500
77503
77504
77505
143042
102082
77506
102083
77507
69315
143044
102084
77508
143045
102086
93894
28358
102087
102088
69321
93900
85708
36568
85721
36569
93914
36570
36571
28380
36573
69342
36574
77537
28386
36580
102134
102135
28407
93945
102138
102139
93947
102140
77565
93951
36609
93965
85773
77593
85786
102186
102187
93996
102190
93998
102191
44847
102192
94002
44851
36659
77621
44853
36665
44859
94016
118593
118595
118596
134983
134984
134985
85838
36686
44888
85851
102238
102239
94047
94049
102242
102243
102244
94053
36713
94067
44916
102264
102266
53126
53129
53130
44938
53132
53133
53134
53135
53136
44944
53137
102290
94098
53138
102291
94100
102294
102295
94104
85916
44965
94118
44971
53167
94130
44992
94149
102342
102343
94151
102347
94155
53195
94169
61405
61407
61409
61410
61411
61412
94181
61413
61414
61415
53223
61416
61417
94200
102394
94202
94206
102399
53250
61446
94220
20497
20498
20501
20503
94232
20504
20507
20508
61474
94251
94252
94253
102446
102448
94257
102451
102452
69685
69686
69687
69689
20538
69691
69692
69693
69694
61502
94271
69695
69696
94283
20566
69725
127070
94302
94303
94304
102498
102500
94308
102503
102504
28777
28780
20588
61550
28782
28788
94334
20621
69775
28817
94354
94355
86163
69781
94359
86176
77985
20642
102563
77987
102564
102565
77989
102567
102568
77992
102569
77993
77994
77995
77996
77997
28845
102576
69808
102577
94385
102579
102580
102581
102582
37055
37056
37057
37058
28867
37060
94405
69829
37061
94406
28873
94410
78026
37067
86228
28894
94436
78054
37096
94456
94457
94461
78082
86293
45334
94487
45337
45338
37146
45340
78110
37152
45346
94507
94508
37173
45375
94538
37200
86358
45403
94559
94560
94561
53613
53616
53617
45425
143730
143731
53619
143732
53620
143733
53621
53622
53623
45431
53624
53625
45452
94610
45458
94611
94612
53654
86436
45479
53682
61892
94661
94662
61894
94663
94664
61896
61897
61898
61899
61900
61901
61902
53710
61903
61904
86501
53737
61933
20984
94713
20985
94714
94715
94716
20988
20990
20991
20994
20995
61961
143883
143885
70172
70173
70174
70176
21025
70178
70179
70180
70181
61989
86566
70182
70183
94762
94764
94766
94767
21053
70212
29264
29267
21075
62037
29269
135766
135768
135769
29275
94813
70240
94817
94818
21108
70262
29304
70268
21129
78474
78476
78478
94864
78481
78482
78483
78484
29332
94869
78485
78486
86683
37542
37543
29354
37547
70316
37548
29360
37554
78515
103097
103098
103100
103104
103105
103106
94915
94916
29381
94920
78543
37583
86748
94946
78571
94966
94967
94971
45821
45824
45825
37633
45827
78599
37639
45833
94997
37660
86813
45862
95018
95022
37687
45890
95048
111434
111435
54100
54103
54104
45912
54106
54107
54108
95069
54109
86878
54110
45918
54111
54112
95073
103273
103275
45939
45945
95099
54141
45966
95120
95124
54169
86943
95138
62379
62381
95150
62383
62386
62387
54197
62391
95171
95172
95175
54224
62420
95189
127961
127962
21471
21472
95201
21475
21477
21478
21481
21482
87021
62448
95222
95223
95226
70659
70660
70661
70663
95240
21512
70665
70666
70667
70668
62476
70669
70670
144399
144400
144401
95252
111644
111645
111647
21540
95273
95274
95275
70699
87086
29751
29754
21562
95291
62524
29756
29762
95303
70727
21595
95324
95325
70749
95326
29791
70755
95342
87151
21616
95348
95349
95350
95351
95355
29819
38029
38030
78991
95376
78992
95377
78993
29841
95378
78994
38034
78995
70803
38035
95380
78996
78997
78998
78999
29847
79000
79001
38041
79002
79003
95394
79020
29868
79021
95407
79023
87216
79024
79025
79026
29874
79027
79028
79029
79030
38070
79031
95428
95429
95430
79047
95432
79048
79050
79051
79052
79053
79054
79055
79056
79057
79058
79059
95446
95459
46308
79078
79079
46311
79080
46312
38120
79081
79082
46314
79083
79084
79085
79086
38126
79087
46320
87281
95479
95481
95482
95484
38147
136454
136455
136456
136457
95498
46349
95511
38174
46377
95531
95533
95534
95536
87346
54587
95550
54591
46399
54592
54593
54594
54597
46405
54599
95563
95583
46432
95585
95586
95588
54628
95602
46450
87411
46453
13692
13694
95615
13695
54656
13696
13697
13698
13699
13700
13702
13703
13704
62866
62868
13720
62873
13722
13723
54684
13725
62878
13726
136607
13727
95648
95649
13729
95650
13730
95651
13731
95652
13732
95653
95660
95661
95663
95664
95665
87473
95666
87474
87476
13748
13749
13750
54711
13751
13753
62907
13755
13756
13757
13758
13759
13760
21958
21959
54729
21962
120268
120269
21965
120270
120271
21968
13776
21969
13777
13779
13780
13781
13782
62935
13783
13784
13785
13786
13787
71146
71147
71148
71150
21999
71152
71153
71154
71155
62963
71156
87541
71157
22027
62990
71186
30238
30241
22049
30242
30243
30249
71214
87606
22082
71236
30278
71242
22103
30306
38516
38517
87671
30328
38521
71290
38522
30334
38528
128647
128648
128650
30355
30361
38557
120478
120480
87736
46795
46798
46799
38607
46801
38613
46807
38634
46836
87801
38661
46864
128802
55074
55076
55077
55078
46886
55079
55080
55081
55082
55084
46892
55086
87866
14140
14141
14145
14146
14148
14149
46919
14151
55115
46937
46940
14181
55143
96116
96117
96118
96120
63353
87931
63355
96128
63360
55171
96132
96133
63365
96154
96157
96158
55198
96160
63394
137123
137124
137125
22445
22446
55216
22449
22452
22455
22456
14265
87996
63422
96206
71633
96210
71634
96211
71635
96212
63444
71637
71639
71640
71641
71642
63450
71643
71644
22514
63477
71673
88061
96258
30725
96262
96263
30728
22536
30729
30730
30736
71701
71723
30765
71729
96310
96314
96315
88126
22590
71750
30793
39003
39004
30815
39008
71777
39009
30821
39015
96366
96367
30842
88191
30848
39044
30866
96418
96419
47282
47285
47286
39094
47288
39100
47294
88256
39121
96468
96470
96471
47323
39148
47351
88321
96518
96520
55561
96523
55563
55564
47373
55566
55567
55568
55569
55571
47379
55573
129316
129317
14629
129318
14630
14631
47400
14634
14635
47406
14638
14640
88370
55602
88371
88372
96570
96572
96575
88383
88384
47424
88385
47427
55630
14670
63842
63847
55658
63852
96622
96624
96627
55685
63881
96650
22932
22933
22934
22936
22937
55706
22939
22940
22942
22943
96674
14754
96676
96677
63909
96679
72120
72122
63931
72124
96703
72131
96726
96728
96729
23001
96731
63964
72160
31211
31212
31214
23023
31216
31217
96755
31223
72188
96778
96781
113167
96783
113168
113169
31252
72216
23077
72237
31280
72243
96830
96832
96833
39490
96835
39491
31302
39495
72264
39496
31308
39502
146010
146012
146013
146014
146016
146017
31329
146018
146020
146021
31335
146024
146025
146027
39531
146028
146029
146031
146032
146033
96882
146035
146036
96884
96885
105078
146039
105079
96887
146040
105080
96888
105081
31353
146043
146044
31356
146047
146048
146051
146052
146055
39559
146059
146060
146063
146064
146067
146068
146070
146071
146072
47769
146074
146075
146076
47773
39581
146078
146079
47775
146080
146082
146083
39587
146084
47781
146086
96934
146087
146088
96936
96937
146090
146091
96939
88747
146092
96940
88749
146094
146095
88751
146096
88752
88753
146098
146099
146100
146102
146103
146104
88760
39608
88761
146106
88763
146108
88764
146109
88765
146110
88766
146112
146113
146114
47810
146116
146117
88773
146118
88775
146120
88776
146121
88777
146122
88778
88779
146124
146125
146126
146127
146128
146129
146130
146131
39635
146133
146134
146135
146137
146138
96986
146139
96988
146141
96989
47838
146143
96991
146144
96992
113377
146146
146147
113379
146148
146150
146152
146154
146156
146158
146160
56048
146161
146162
56050
56051
146164
47860
146165
56053
146166
56054
146167
56055
146168
56056
146169
56057
146170
56058
47866
146171
146172
56060
146174
146175
146178
146179
146182
146183
146186
146187
146189
146190
113422
97038
15118
146191
47887
15119
146192
97040
15120
146193
97041
146194
146195
97043
15123
146196
97044
15124
146197
47893
146198
146199
15127
146200
146201
56089
15129
146202
146203
146204
113436
146205
146206
146207
146208
146209
146211
146212
146213
47911
146217
113450
47914
146221
80688
146225
80689
80690
146227
80691
80692
146229
56117
146231
15159
146232
113464
146233
146235
146236
80700
146237
80701
80702
154431
146239
146240
146241
80705
80706
154435
146243
146244
97092
146245
113478
154439
97095
146248
97096
146249
64329
154443
80716
64332
80717
80718
64334
154447
80719
64335
64337
56145
64338
154451
64339
113492
154455
146263
146264
154459
146267
146268
146269
154463
146271
146272
146273
113506
15202
154467
146275
146276
15204
146277
15205
15206
154471
146279
15207
146280
15208
146281
154475
146283
146284
56172
146285
154479
146287
146288
64368
113521
154483
146291
146292
154487
146295
146296
97144
154491
146299
97147
23419
146300
97148
23420
146301
23421
15230
154495
146303
23423
15231
146304
113536
23424
15232
146305
56193
15233
23426
154499
146307
23427
146308
15236
146309
23429
23430
154503
146311
146312
146313
146315
15243
146316
64396
146319
113551
146320
146323
146324
105365
105366
146327
105367
146328
15258
146331
146332
105372
105373
72606
15262
146335
113567
105375
72607
15263
146336
15264
72609
64418
146339
72611
146340
72613
146343
146344
97194
72618
154539
146347
97195
146348
97196
154543
97199
97200
154547
154551
154555
64445
154559
23488
154563
64451
154567
72647
154571
154575
31698
154579
31699
31701
23510
31703
31704
97246
31710
97247
97248
97250
97251
72675
97252
97275
31739
146430
146431
72703
146433
146434
146436
146437
146439
146440
146442
146443
23564
146445
146446
72718
72719
146448
146449
72721
97298
146451
97299
146452
97300
97301
72725
146454
97302
146455
31767
146457
146458
72731
146460
146461
154655
146463
146464
146466
154659
146467
146468
146469
146470
154663
146471
146472
146473
39977
146474
72746
154667
146475
72747
146476
146477
72749
31789
146478
39982
154671
146479
97327
39983
146480
146481
72753
146482
154675
146483
31795
146485
39989
146486
146488
146489
146491
146494
146497
146499
146500
146502
97350
146503
97351
146504
97352
31816
146505
97353
146506
97354
146507
146508
146509
146510
31822
154703
146511
146512
146513
146514
40018
154707
146515
146516
146517
146518
154711
146519
146520
146521
146522
154715
146523
146524
146525
146526
146528
31840
146529
146531
97379
31843
146532
146534
154727
146535
146538
154731
146541
146542
40046
154735
146544
146545
146546
154739
146548
146549
154743
146551
146552
146554
97402
154747
146555
97403
97404
146557
97405
146558
97406
154751
146559
48256
146561
146562
48258
154755
146564
48260
40068
146565
48262
154759
146567
146568
146570
40074
154763
146572
48268
146573
154767
146575
146578
146581
146583
97431
146586
40095
146594
146595
146597
40101
146598
146600
146601
48297
146603
146604
97454
146607
113839
97455
97456
97457
146610
97458
146613
146614
146616
146617
146618
40122
146619
146620
146621
146622
146623
113855
146624
146625
146626
146627
146628
146629
48325
146630
146631
146632
146633
146634
146635
97483
146636
146637
146638
146639
146640
113872
105680
146641
146642
105682
146643
146644
146645
146646
146647
105687
56535
146648
105688
146649
105689
56537
146650
89306
56538
146651
56539
48347
146652
89308
56540
146653
89309
56541
146654
89310
56542
146655
56543
146656
56544
146657
113889
56545
48353
146658
97506
146659
97507
56547
146660
97508
146661
97509
146662
97510
146663
97511
89319
146664
89320
146665
89321
146666
146667
146668
89324
89325
146670
146671
146673
146674
113906
146676
146677
48374
146679
15607
146680
15609
146682
146683
48380
15612
15613
97535
56576
15616
89346
15618
113923
89349
89350
48398
48401
122131
113940
122133
97558
97561
97562
97563
97564
56604
15648
113957
64816
64818
97587
64820
64821
113974
89398
64822
64823
64824
56632
89401
64825
89402
64826
113991
97610
97613
97615
97616
56659
64855
114008
23906
23907
23908
56677
23910
97639
23911
56680
114025
23913
89450
23914
89453
89454
15726
64883
15732
114042
138619
138620
138621
138622
97662
138623
105855
138624
105857
97665
138626
105858
138627
97667
97668
138629
138631
73095
138632
73096
73097
64905
138634
73098
138635
114059
73100
138637
138638
73102
73103
138640
73104
138641
73105
73106
138643
73107
138646
138647
138649
138650
97691
138652
114076
138653
89502
138655
138656
138658
89506
138659
64932
138661
138662
23975
138664
138665
64938
138667
138668
114093
138670
138671
73136
138673
138674
97714
138676
138677
97717
138679
97719
138680
97720
32185
138682
32186
138683
138684
32188
138685
138686
114110
32190
138687
32191
138689
138690
24003
138692
138693
32197
81350
138695
138696
138698
138699
73164
138701
138702
138703
114127
97743
138704
138705
89553
138706
89554
138707
89555
81363
81364
138709
81365
89558
138712
138715
138716
138718
138719
114144
138722
73186
32226
138723
138725
122341
138726
122342
97766
122343
138728
122344
73192
138729
97769
97770
138731
97771
138732
97772
122349
24045
122350
138735
24051
138747
122363
122364
138750
73214
32254
138753
138755
97795
138756
73220
89605
138758
89606
138759
89607
138761
122377
138762
122378
89610
81418
89611
138764
40464
138772
32276
40469
122390
40470
138775
122392
138778
97818
73242
32282
138779
40476
138781
97821
138782
97822
97823
97824
138785
138788
122404
122406
138791
138799
32303
138801
138802
122418
138804
122420
138805
138806
97847
138808
138809
89657
40505
89658
138811
89659
138812
138813
138814
89662
138815
89663
138816
122432
138817
122433
114241
138818
122434
138819
122435
138820
138821
138822
138823
32327
138824
138825
138826
32330
138827
81483
138828
138829
138830
122446
97870
138831
122447
138832
122448
138833
122449
114257
97873
97874
138835
97875
138836
97876
40533
138838
138839
138841
138842
138843
138844
122460
138845
122461
138846
122462
138847
122463
138848
138849
114273
138850
138851
138852
138853
138854
138855
48743
138856
138857
48745
138858
122474
138859
122475
48747
40555
138860
122476
138861
122477
89709
48749
138862
89710
138863
89711
138864
89712
138865
114289
40561
138866
89714
138867
89715
48755
138868
138869
138870
138871
138872
122488
138873
122489
122490
122491
114305
97922
97925
122502
97926
40582
122503
97927
122504
97928
122505
81548
40588
89742
48784
114321
122516
122517
122518
81561
114337
89761
40609
122530
89762
122531
89763
122532
89764
89766
89767
48812
122544
122546
97974
97975
97976
97977
97978
97979
97980
138941
122558
57022
138944
122560
57024
57025
89794
57026
48834
138947
57027
57028
57029
138950
57030
57031
138952
57032
48840
138953
57033
57034
138955
138956
122572
81613
138958
122574
138959
122575
138961
138962
138964
138965
89813
89814
138967
89815
138968
89816
138970
122586
89818
81626
138971
89819
138972
122588
138973
122589
48861
138974
138975
138976
16096
138977
138978
16098
138979
48867
138980
138981
16101
138982
16102
138983
57063
138984
122600
138985
16105
138986
122602
138987
122603
98027
16107
138988
98028
138989
98029
138990
98030
98031
89839
138992
98032
89841
89842
138995
48885
138998
89846
122616
48888
139001
122617
139004
139005
139006
139007
139008
139009
139010
139011
57091
139012
139013
122629
139014
122630
139015
122631
139016
139017
89865
16137
139018
114442
89866
139019
139020
89868
139021
139022
89870
139023
89871
139024
139025
139026
122643
122644
139029
122645
139030
65303
139032
114456
139033
65305
139035
81691
65307
139036
65308
89885
65309
139038
65310
139039
98079
65311
57119
139040
98080
65312
122657
98081
65313
139042
122658
98082
139043
122659
98083
98084
139045
16165
139046
114470
139049
89897
139050
139052
139053
139055
122671
139056
122672
122673
139058
139059
139060
114484
139061
139062
139063
139065
139066
57146
139068
89916
139069
122685
89917
122686
89918
65342
139071
122687
89919
139072
89921
139074
89922
139075
139076
139077
139078
139079
139080
139081
24393
139082
24394
139083
122699
24395
139084
122700
57164
139085
122701
24398
139087
57167
139088
89936
24400
24401
139090
139091
98131
98132
139093
98133
24405
139094
98134
139095
98135
16215
139096
122712
98136
139097
139098
122714
65370
139099
122715
139100
89948
81756
139101
16221
139102
139103
139104
139105
139106
139107
139108
139109
139110
122726
139111
139112
122728
139113
122729
139114
139115
139116
139117
139118
89967
139120
114544
89968
73584
65392
139121
89969
89970
73586
24434
139123
73587
139124
122740
89972
89973
73589
139126
139127
122743
73591
73592
139129
73593
73594
139131
73595
139132
73596
139134
139135
114559
139136
139137
139138
122754
139139
89987
139140
139141
122757
139142
139143
98183
139144
98184
139145
98185
139146
98186
139147
98187
65419
139148
98188
139149
139150
114574
24462
139151
89999
139152
122768
139153
65425
139154
139155
122771
139156
139157
139158
139159
139160
139161
73625
139163
139164
81821
139166
122782
139167
32672
139169
122785
32673
139170
90018
90019
32675
139172
90020
139173
90021
32677
90022
65446
32678
139175
139176
90024
139178
24490
139179
122796
32684
139181
139182
139183
122799
139184
139185
139186
139187
139188
139189
73653
139190
90038
139192
139193
122810
122811
98235
98236
122813
98237
98238
98239
98240
90050
122824
122825
32713
114634
122827
73675
73681
90069
90070
122839
90071
24535
122840
122841
114649
90073
24538
90075
81883
81885
81886
122853
32741
122854
122855
73703
114664
90089
73709
98288
98289
98290
122867
98291
122868
98292
122869
90101
114679
40951
32763
40956
40957
)


// ************************************************************************* //
