/*--------------------------------*- C++ -*----------------------------------*\
| =========                 |                                                 |
| \\      /  F ield         | OpenFOAM: The Open Source CFD Toolbox           |
|  \\    /   O peration     | Version:  v2012                                 |
|   \\  /    A nd           | Website:  www.openfoam.com                      |
|    \\/     M anipulation  |                                                 |
\*---------------------------------------------------------------------------*/
FoamFile
{
    version     2.0;
    format      binary;
    class       cellSet;
    arch        "LSB;label=32;scalar=64";
    location    "constant/polyMesh/sets";
    object      concaveCells;
}
// * * * * * * * * * * * * * * * * * * * * * * * * * * * * * * * * * * * * * //


5207
(
57345
57346
40962
57347
24579
57348
57353
57354
57355
57356
57361
57362
57363
57364
40982
57369
57370
57371
24603
57372
57377
57378
57379
57380
57385
57386
41002
57387
57388
131121
57393
131122
57394
57395
57396
16438
16439
16440
57401
57402
57403
57404
41022
57409
57410
57411
57412
57417
57418
57419
16459
57420
57425
57426
41042
57427
57428
16471
57433
57434
57435
57436
57441
57442
57443
16483
57444
41062
131175
57449
131178
57450
57451
57452
16495
57457
57458
57459
57460
57465
57466
41082
57467
32891
57468
32892
32893
32894
8318
8320
57473
57474
57475
57476
32903
32904
57481
32905
57482
57484
41102
57489
32913
57490
32914
32915
8339
32916
131228
32924
131229
57501
32925
32926
57503
32927
65696
65697
65698
41122
32935
32936
32937
8365
8367
8368
41142
8375
24760
8377
73914
24763
73916
8380
41162
24782
41182
24806
41202
24818
16641
16642
16643
41222
57620
57621
16662
41242
57627
16674
41262
16686
16698
57665
41282
65865
57673
8521
65867
8523
57681
57682
41302
57689
57690
8542
57697
57698
57706
41322
57714
8566
57722
41341
41342
57730
8578
24966
57738
57744
41361
57746
41362
57752
24985
57754
57760
57762
41381
41382
57768
57770
57776
25009
57778
57784
41401
57786
41402
25021
57792
57794
49603
49604
57800
57802
16844
16845
41422
16846
57808
57810
57816
57818
57824
16865
57826
41442
57832
57834
16877
57840
57842
131571
131572
131573
131574
41462
57848
16889
57850
57856
57858
16901
57864
57866
41482
57872
57874
8724
8726
57880
57882
41502
57888
57890
8745
57898
57906
41522
57914
8769
57922
41540
41542
57930
8781
25169
57938
41560
57946
82526
57954
25188
57962
41580
57970
41593
57978
41595
25212
41600
57986
25224
57994
49806
49807
49808
49809
58002
49811
49812
41620
49813
49814
17047
17048
17049
58010
58018
123558
123560
41640
58026
41642
17068
58034
17080
58042
41660
41662
58050
17092
58058
41680
17104
58066
41682
58074
8927
8929
58082
41700
41702
58090
58098
8948
41720
58106
41722
58114
58122
41740
8972
58130
8984
58138
25370
25372
41760
58146
58154
33581
33582
33583
25391
33584
33585
58162
33587
41780
33588
33589
33590
33591
33592
58170
58178
25415
58186
58194
50002
58195
50003
25427
50004
50005
50007
50008
50009
58202
58203
41822
58209
17249
58210
17250
58211
17251
17252
58217
58218
58219
58225
58226
41842
58227
17271
58233
58234
58235
58241
58242
58243
17283
41862
58249
58250
58251
41869
41870
41871
41872
41873
58258
41874
58259
41875
123802
58266
41882
123803
58267
17307
123805
132000
58272
58273
132002
58274
58275
58280
58281
58282
9130
58283
9132
41902
58288
58289
58290
58291
58296
50104
50105
58298
58299
9151
58304
58306
58307
58314
58315
58322
58323
41940
9175
58330
58331
58338
58339
9187
25573
25575
41960
58346
58347
132076
132078
123887
123888
123889
58354
58355
66553
33785
66554
58362
33786
25594
66555
58363
33788
33789
33790
33791
41984
33792
41985
58370
41986
58371
41987
41988
41989
41990
41991
58378
58379
58386
25618
58387
58394
58395
25630
58402
58403
58410
58411
17452
17453
17454
17455
58417
58418
58419
58425
58426
58427
58433
58434
17474
58435
58441
58442
58443
17486
58448
58449
58450
58451
58456
17498
58459
83040
58464
83042
58467
58472
58475
58484
58485
9333
58486
58487
9335
9354
33950
33951
9378
9390
25775
25776
25778
25797
42201
74971
58588
25821
58590
42206
42207
42216
25833
132334
83182
132335
132336
83189
17655
17656
17657
17658
83197
124162
124164
83205
83213
17677
17689
42276
17701
42288
132405
132406
132408
132412
42300
42301
42303
132416
9536
9538
132420
42308
132424
132428
132432
124240
42321
132436
9557
132440
132444
42334
132448
132452
132456
42347
132460
9581
132464
132468
132472
42360
25978
25979
25981
83333
42373
83341
26000
42386
132504
42399
42403
26024
42412
42416
26036
42425
42429
17858
17859
17860
17861
42438
132560
132564
132568
17880
132572
83421
132576
132580
83429
83437
132592
17904
132596
83445
132600
132604
17916
83453
132608
83461
42503
132616
9739
132620
9741
132624
132628
42516
132632
132636
132640
9760
42529
132644
124453
124454
124455
132648
132652
42541
132656
132660
132664
9784
42553
132668
42565
26181
26182
26184
157264
157265
157266
26203
124524
124525
42605
124526
26227
157304
157305
42617
26239
42629
132749
18061
132750
18062
132751
18063
18064
42641
42653
18083
83621
42665
83629
42677
18107
18119
157394
157396
157397
9942
9944
83677
132832
132833
132834
132835
83685
9963
83693
9987
42761
26384
10002
26387
10003
10004
42773
157464
157465
157466
42785
26406
42797
42809
26430
42817
42821
26442
42829
42833
18264
42841
18265
157530
18266
157531
18267
157532
42845
18274
42857
18286
42869
157562
157563
83837
42881
83845
18310
42889
75658
124812
75660
124813
83853
75661
59277
42893
124814
59278
59279
18322
83861
42901
42905
83871
83872
42913
10145
10147
42925
10166
42941
51135
51136
51137
42953
10190
157651
157652
157653
42965
26587
26590
42977
124898
67561
67562
67563
42989
26609
43001
43009
43013
26633
157706
157707
157708
157709
43021
26645
43033
18467
18468
43045
18469
18470
18477
43057
75828
75829
59446
59447
133177
18489
133178
133179
43069
157767
157769
157770
157774
18513
157778
157782
157786
18525
157790
157794
51298
51299
51300
51301
43109
157798
157800
51305
157802
157803
10347
157804
10348
157805
10349
157806
10350
157807
157808
43121
157815
157816
157817
157818
43133
157824
157825
10369
157826
157832
157833
43145
157834
157835
157836
157837
133261
133262
157844
157845
43157
157846
157847
10393
157854
157855
157856
157857
43169
157858
157859
157860
157861
10405
157862
26790
157863
157864
26792
157865
157866
157867
157868
157869
43181
157873
157874
157875
157876
157877
157878
157879
157880
157881
43193
157882
157883
157884
26812
157885
157886
157887
157888
157889
157891
43205
157895
43217
26836
157911
157915
125148
43229
125150
157919
125151
26848
157923
157927
43241
157931
18670
157935
18671
18672
18673
157939
43253
157944
18680
157945
157946
43265
51465
51469
43277
51470
18704
51477
51479
51480
43289
18716
51487
51488
51489
51490
43301
18728
51497
51498
51499
51500
43309
125233
43313
158003
51507
158004
51508
158005
158006
51510
10550
10551
10552
43321
10553
51517
43325
51518
51520
43333
51527
51528
43337
51530
10572
51537
43345
158036
51540
158037
43349
43350
43352
51547
43357
43361
51557
43369
43373
51567
10608
26993
26995
43381
51577
43385
51578
51579
43393
51587
51588
51589
43397
27015
51597
43405
51598
51599
43409
51607
51608
51609
43421
27039
51617
51618
51619
43433
51627
27051
51628
158125
51629
158126
158127
51637
43445
51638
51639
18873
18874
18875
18876
51647
51648
51649
43457
18883
51657
51658
51659
43469
51667
51668
51669
18907
51677
51678
51679
158180
158181
133605
158182
133606
158183
133607
51687
18919
51688
51689
68077
68079
51697
51698
51699
18931
43514
51707
43515
51708
43516
51709
43518
43520
10753
10754
10755
10756
51717
51718
51719
51727
51728
51729
10775
51737
158234
51738
158235
51739
158236
158237
158238
158239
51747
51748
51749
51757
51758
51759
133683
51767
51768
51769
10811
27196
27198
51777
51778
51779
125514
51787
125516
51788
51789
27218
51797
51798
51799
51807
51808
51809
51817
51818
27242
51819
158322
158323
51827
51828
51829
27254
68219
68220
68221
51837
51838
51839
68226
19076
19077
19078
51847
19079
51848
51849
68234
19086
51857
68242
51858
51859
125590
125592
51867
51868
51869
51877
51878
19110
51879
51887
51888
43696
51889
43697
43698
19122
51897
51898
51899
51907
51908
51909
158410
158411
158412
51917
10957
51918
10958
51919
10959
51927
51928
51929
51937
51938
10978
76515
51939
76517
60133
60134
60135
51947
51948
51949
51957
51958
51959
51967
51968
51969
11014
27399
51977
27401
68362
51978
51979
68370
43794
51987
43795
51988
51989
158486
158487
158488
158489
51997
27421
51998
51999
52007
52008
52009
52017
52018
52019
27445
52027
52028
52029
27457
27459
27460
52037
27461
52038
27462
52039
125771
125772
125773
52047
19279
52048
19280
52049
19281
19282
35670
35671
35672
52057
19289
52058
52059
158561
158562
68450
158563
133987
52067
158564
133988
52068
158565
133989
52069
158566
158567
158568
158569
158570
68458
158571
158572
158573
52077
158574
76654
52078
158575
76655
52079
158576
76656
158577
19313
158578
68466
76659
76660
158583
76663
52087
158584
76664
52088
158585
52089
158586
76666
68474
158587
76667
158588
76668
19325
158590
76670
158591
76671
158592
76672
158593
52097
158594
76674
68482
52098
158595
76675
52099
158596
76676
158597
158598
76678
158599
76679
76682
76683
52107
52108
158605
60301
52109
158606
76686
60302
158607
76687
158608
158609
158610
125842
76690
158611
125843
76691
158612
158613
125845
52117
158614
76694
52118
76695
52119
76696
11160
125849
11161
76698
11162
158620
76700
125853
76702
52127
76704
125857
52129
76706
76708
158630
76710
158631
158632
76712
158633
52137
158634
134058
76714
158635
134059
52139
158636
76716
158637
125869
11181
158638
76718
158639
158640
158641
125873
84913
158642
84914
76722
68530
84915
52147
125877
52149
76726
158649
158650
76730
68538
158651
52157
76734
52159
76738
68546
76740
76742
52167
76744
125897
52169
68554
76748
125901
76752
125905
52177
68562
27602
76756
27604
125909
76757
76760
76761
76762
68570
52187
76764
76765
52189
76766
76768
76769
76770
68578
76772
76773
52197
76774
52199
76776
27624
76777
76778
68586
76780
76781
76782
52207
76784
76785
52209
76786
68594
76788
125941
76789
76790
76792
125945
76793
52217
76794
52219
76796
125949
76797
76798
76800
27648
125953
76801
76802
52227
76804
125957
76805
52229
76806
76808
125961
76809
76810
76812
27660
125965
76813
52237
52239
76816
125969
76817
76820
125973
76821
52247
76824
125977
76825
52249
19483
76828
19484
125981
76829
19485
76832
76833
52257
52259
76836
19492
76837
76840
76841
52267
76844
76845
52269
76846
76848
76849
76850
76852
76853
52277
76854
52279
76856
76857
76858
76860
126013
76861
76862
52287
76864
126017
76865
52289
76866
76868
126021
76869
76870
76872
19528
76873
52297
76874
52298
52299
76876
76877
76878
76880
76881
52307
76884
52308
126037
76885
52309
76888
126041
76889
76890
76892
126045
76893
52317
76894
52318
52319
76896
126049
76897
76898
11363
76900
11364
126053
76901
11365
76902
52327
126056
76904
52328
76905
52329
35945
76906
35946
126059
35947
76908
35948
76909
35949
126062
76910
76912
35952
126065
76913
52337
76914
52338
52339
76916
76917
76918
76920
11384
76921
76922
52347
76924
76925
52349
76926
76928
76929
76930
76931
76932
76933
52357
76934
76935
52359
76936
126089
76937
76938
76939
126092
76940
76941
76942
126095
76943
52367
76944
11408
76945
52369
126098
76946
76947
76948
126101
76949
76950
76951
126104
76952
76953
52377
126106
76954
76955
52379
126108
76956
76957
27805
126110
76958
76959
27807
126112
76960
76961
126114
76962
76963
52387
126116
76964
76965
52389
126118
76966
76967
126120
76968
76969
126122
76970
76971
126124
76972
76973
52397
126126
76974
76975
52399
126128
76976
76977
126130
76978
76979
27827
126132
76980
76981
126134
76982
76983
52407
76984
126137
76985
52409
126138
76986
126139
76987
76988
76989
76990
76991
76992
76993
52417
52419
52427
27851
52429
52437
52439
27863
36061
52447
36063
36064
52449
36066
36067
36068
36069
36070
19686
36071
19687
36072
19688
52457
52459
52469
19707
52479
134402
134404
19719
52489
52499
19731
77083
77084
52509
77087
77088
77091
77092
52519
68907
68908
68909
11566
11568
77105
77109
77113
77117
52542
77119
52543
52544
77121
52545
77123
11587
77125
77127
77131
77132
77135
77136
77139
77140
134486
134487
77143
134488
77144
77147
11611
77148
77149
77151
77153
77155
77157
77159
28008
77161
28010
77163
77167
77171
77175
77179
28030
77185
77189
77193
77197
77201
77205
36245
28054
36248
77209
36249
36250
77213
77217
28066
36259
77221
36261
77225
77229
77233
19889
19890
19891
77237
77241
36284
77245
36286
52672
77249
52674
52675
77253
52678
19910
52679
77257
77261
52686
52687
77265
19922
77269
36309
52694
52695
36311
77273
77277
52702
19934
52703
77281
77285
52710
52711
77289
19946
77293
36334
36336
77297
77301
77305
11769
11771
52732
77309
77313
77316
52740
77317
52743
36359
77320
77321
36361
77324
52748
77325
52749
52750
11790
52751
77328
77329
77332
77333
52757
52758
52759
77336
77337
77340
77341
52765
52766
52767
77344
36384
77345
36386
77348
77349
52773
52774
52775
77352
77353
77356
77357
52781
52782
52783
77360
77361
28211
77364
77365
52789
28213
52790
52791
77368
77369
77372
36412
77373
52797
60990
52798
60991
52799
77376
77377
77380
77381
52805
52806
52807
77384
77385
28233
77388
77389
52813
52814
52815
77392
77393
77396
77397
52821
36437
28245
52822
52823
77400
77401
77404
77405
52829
52830
52831
85600
85601
77409
28257
85602
85603
77413
52837
52838
52839
77416
77417
77420
77421
52845
28269
52846
36462
52847
52853
52854
52855
20092
52861
52862
20094
52863
36483
52869
52870
52871
36487
52877
52878
52879
36495
36496
36497
20113
36499
36500
52885
52886
36502
52887
36508
52893
20125
52894
52895
36512
52901
52902
52903
20137
134829
52909
134830
52910
134831
52911
134832
52917
36533
20149
52918
52919
36536
36537
52925
52926
52927
11972
52933
11973
52934
11974
52935
52940
52941
52942
36558
52943
36561
77523
52948
77525
52949
52950
52951
11993
52956
52957
52958
52959
52964
61157
52965
52966
52967
36583
36586
52972
52973
52974
52975
52980
52981
52982
52983
52988
52989
52990
28414
52991
36608
28416
36611
134916
52996
52997
52998
52999
85769
85770
85771
53004
53005
53006
53007
53012
28436
53013
53014
53015
36633
44826
44827
53020
44828
36636
53021
53022
53023
28448
53028
53029
53030
53031
53036
28460
53037
53038
53039
36658
53044
53045
36661
53046
53047
53052
53053
53054
53055
53060
53061
53062
53063
20295
20297
36683
53068
36684
53069
36685
53070
36686
53071
53076
53077
53078
53079
53084
36700
20316
53085
53086
53087
53092
36708
53093
36709
53094
36710
53095
36711
20328
53100
53101
53102
53103
53108
20340
53109
53110
53111
53116
53117
36733
53118
36734
53119
36735
36736
20352
53124
53125
53126
53127
53132
53133
53134
53135
12175
12176
12177
53140
53141
53142
36758
53143
36759
36760
36761
53148
53149
53150
53151
53156
12196
53157
53158
53159
53164
53165
53166
53167
36783
36784
12208
36785
36786
36787
53172
53173
53174
53175
53180
53181
44989
53182
44990
53183
44991
44992
44993
44994
44995
53188
44996
53189
53190
53191
36808
36809
28617
36810
36811
28619
53196
36812
53197
53198
53199
28627
53204
53205
53206
53207
53212
53213
53214
53215
28639
36833
36834
36835
53220
36836
53221
36837
53222
53223
28651
53228
53229
53230
53231
53236
53237
53238
53239
28663
36858
36859
53244
36860
53245
36861
53246
36862
53247
53252
53253
53254
53255
53260
53261
53262
53263
20497
20498
36883
53268
36884
20500
53269
36885
53270
36886
53271
36887
53276
53277
53278
53279
53284
53285
53286
53287
20519
53292
36908
53293
36909
53294
36910
53295
36911
36912
20531
53300
53301
53302
53303
53308
53309
53310
53311
20543
53316
53317
36933
53318
36934
53319
36935
36936
36937
20555
53324
53325
53326
53327
53332
53333
53334
53335
135258
12378
12379
12380
53341
53342
36958
53343
36959
36960
36961
36962
53350
53351
53358
53359
12399
45170
45171
45172
53366
45174
53367
36983
36984
36985
36986
36987
12411
53375
45185
53383
45197
53391
37008
37009
37010
37011
37012
28820
28822
53399
45209
28830
45221
135334
135335
135336
37033
37034
28842
37035
37036
37037
45233
28854
53437
45245
69824
69825
69826
37058
28866
37059
53444
37060
53445
37061
37062
45257
53452
53453
28878
53460
53461
45269
45270
45272
37083
53468
37084
20700
53469
45277
37085
20701
37086
20702
37087
20703
45281
53476
53477
45290
53484
53485
45294
20722
53492
37108
53493
37109
37110
78071
37111
78072
37112
78073
45307
53500
53501
20734
53509
45320
20746
53517
37133
53518
37134
37135
37136
37137
53525
45333
53526
20758
53527
53536
53537
53538
45346
53539
12581
37158
12582
37159
12583
37160
37161
37162
45359
12602
45372
37183
37184
37185
37186
37187
12614
37208
37209
37210
37211
37212
12638
29023
29024
29025
37233
37234
37235
37236
37237
29057
78213
78215
37258
37259
37260
37261
29069
37262
160144
61845
61846
61847
29081
37283
37284
37285
37286
37287
20903
135592
20904
135593
20905
135594
20906
45489
86457
86458
86459
37308
53693
37309
20925
53694
45502
37310
53695
37311
37312
53699
20937
45515
53708
37333
20949
37334
37335
45528
37336
37337
20961
45541
37358
135663
37359
135664
37360
12784
135665
37361
12785
135666
45554
37362
12786
135670
135674
53756
135678
45567
135682
12805
135686
37383
53768
37384
37385
135690
37386
37387
135694
135698
53780
135702
135706
135710
53792
37408
53793
37409
135714
37410
53795
37411
37412
135718
53800
12841
135722
29226
29227
29228
135726
61998
61999
135730
53813
37433
37434
37435
37436
37437
53826
86596
86597
86598
86599
86600
86601
135754
86602
86603
86604
29260
86605
135758
86606
86607
53839
86608
86609
135762
86610
37458
86611
37459
86612
37460
86613
37461
135766
86614
37462
86615
86616
29272
86617
86618
86619
86620
53852
86621
86622
86624
53856
86625
86626
86627
86628
29284
86631
86632
53865
86635
37483
86636
37484
53869
37485
37486
37487
86640
135794
21106
21107
86644
21108
21109
135798
86646
86648
135802
86650
53882
86652
86653
135806
86654
86655
86656
86657
135810
86658
86659
86660
37508
86661
37509
135814
86662
37510
86663
53895
37511
86664
37512
21128
86665
135818
86667
86668
86669
135822
86671
86672
86673
135826
86675
86676
21140
86677
86679
86680
86681
86683
86685
37533
86686
37534
86687
37535
37536
21152
86689
37537
86690
86693
135846
86694
45736
86697
135850
86698
86700
21164
86701
86702
86704
86705
86706
86708
86709
45749
86710
37558
37559
86712
37560
86713
37561
86714
37562
12987
12988
86717
12989
86718
86721
45761
135874
86722
53956
86725
135878
86726
86729
86730
86733
45773
86734
37583
37584
13008
86737
53969
37585
86738
37586
37587
86741
86742
86745
45785
135898
86746
86749
135902
86750
53982
86753
135906
86754
86757
45797
86758
37608
13032
86761
37609
86762
37610
37611
37612
86765
86766
86769
45809
86770
13044
86773
86774
29430
29431
86777
45817
86778
86781
45821
86782
86785
37633
86786
37634
37635
37636
86789
45829
37637
86790
86793
86794
86797
86798
86801
45841
86802
86805
86806
29463
86809
86810
37658
37659
37660
86813
45853
37661
86814
37662
86817
86818
54051
29475
86821
86822
45865
86826
86830
29487
54064
86834
37683
37684
45877
37685
86838
37686
37687
54073
86842
54077
21309
86846
21310
21312
45889
86850
86854
54086
136007
136008
136009
86858
54090
37708
37709
86862
37710
37711
37712
86866
54099
21331
86870
54103
86874
86878
21343
54112
86882
54116
37733
86886
37734
37735
37736
37737
86890
21355
54125
86894
70511
70512
70513
86898
70514
86902
21367
86906
54138
86909
86910
37758
37759
86912
37760
86913
37761
86914
37762
86916
86917
86918
13190
54151
13191
86920
13192
86921
86922
86924
86925
86926
86928
86929
86930
54164
86933
86934
37783
37784
37785
37786
37787
13211
54176
54188
37808
37809
37810
37811
13235
37812
54200
13247
29633
29634
54212
37834
37835
37836
37837
54224
46037
54236
46049
29666
37859
37860
37861
37862
54248
46061
29678
87025
87026
87027
54260
87029
87030
54264
87034
29690
37884
37885
87038
37886
37887
54272
54276
21513
87051
21515
54284
87055
54288
87058
87059
37909
87062
37910
87063
37911
70680
54296
37912
87065
87066
87067
54300
87069
87070
21534
87071
87073
87074
87075
54308
87078
87079
54312
21546
37934
37935
37936
62513
37937
62514
62515
87093
78901
78902
21558
78903
87097
87099
87101
87102
87103
87106
21570
87107
87110
87111
37959
37960
37961
87114
37962
87115
87118
13393
87122
13394
13395
87126
87130
87134
87135
37984
37985
87138
37986
87139
37987
54372
87142
13414
87143
87146
87147
87150
87151
54384
87154
87155
87158
87159
38009
87162
38010
87163
38011
54396
38012
87166
13438
87167
87170
87171
87174
87175
54408
87178
13450
87179
29836
29837
87182
87183
38033
87186
38034
87187
38035
54420
38036
38037
87190
87191
87194
87195
87198
87199
54432
87202
87203
87206
87207
87210
38058
87211
38059
54444
38060
38061
29869
87214
38062
87215
87218
87219
87222
87223
29881
87226
87227
87230
87231
62655
62656
87234
87235
79043
38083
38084
38085
29893
87238
79046
62662
38086
87239
38087
87242
87243
87246
62670
87247
87251
21716
62678
21718
87255
79066
87259
38108
79069
38109
62686
38110
87263
38111
79072
38112
87267
79075
87269
79078
62694
87271
54504
87273
21737
87275
87277
79085
62702
87279
79088
87281
87283
79091
54516
87285
38133
21749
79094
62710
38134
87287
38135
38136
87289
79097
38137
87291
79100
87293
87295
79103
54528
87297
21761
79106
46338
87299
46339
46340
87301
79109
87303
79112
87305
87307
79115
54540
87309
21773
79118
38158
87311
38159
38160
87313
79121
38161
38162
87315
79124
87317
87319
79127
54552
87321
79130
87323
13596
87325
79133
13597
13598
87327
79136
87329
87331
79139
79140
54564
87333
79142
87335
79143
38183
38184
87337
79145
38185
79146
38186
87339
38187
79148
87341
79149
87343
79151
79152
54576
87345
13617
79154
87347
79155
87349
79157
79158
87351
79160
87353
79161
87355
79163
79164
54588
87357
46397
13629
79166
87359
79167
38208
87361
79169
38209
79170
38210
87363
38211
79172
38212
79173
79175
79176
54600
46409
13641
79178
79179
79181
79182
79184
79185
79187
79188
54612
46421
13653
79190
30039
30040
79193
38233
38234
38235
79196
38236
38237
62814
79199
54624
46433
79202
79205
62822
79208
79211
79214
62830
79216
79217
38258
79219
38259
79220
38260
38261
79222
38262
79223
30072
79225
79226
79228
79229
79231
79232
79234
79235
30084
79237
79238
79240
79241
79243
38283
79244
38284
38285
79246
38286
79247
38287
79249
79250
79252
79253
79255
79256
79258
79259
79261
46493
79262
21919
79265
21921
79268
38308
38309
62886
38310
79271
38311
46504
38312
87465
79274
46506
79275
46507
46508
79277
79278
62894
79280
79281
79283
79284
21940
79286
62902
38333
62910
38334
38335
38336
21952
38337
62918
21964
62926
62934
38358
38359
38360
21976
38361
38362
62942
62950
13799
13800
13801
62958
38383
38384
38385
38386
38387
13820
79363
79364
79367
79368
38408
13832
38409
38410
79371
38411
79372
38412
79375
79376
79379
13844
79392
13856
38433
38434
38435
30243
79396
38436
38437
79398
79400
79402
79404
79406
79408
79410
79412
79414
79415
79416
79418
38458
79419
38459
79420
38460
38461
79422
38462
79423
5697
79426
79427
30275
54853
79430
63046
54854
79431
54855
5705
79434
5706
5707
5708
79438
63054
30287
30289
79442
38483
30291
38484
30292
5716
38485
5717
79446
63062
38486
5718
79447
38487
5719
46681
79450
46682
79451
46683
79452
46685
30301
79454
63070
46686
30302
79455
30303
5727
79456
46688
30304
5729
79458
5730
79459
79460
79462
63078
79463
79464
79466
22122
5738
79467
5739
38508
22124
5740
38509
5741
79470
63086
79471
38511
38512
79474
79475
79478
63094
79479
79480
79482
79483
79484
79486
63102
79487
22143
79488
79490
79491
79492
38533
79494
63110
38534
79495
79496
38536
38537
79498
79499
22155
79500
54924
79502
63118
79503
79504
79506
79507
79508
79510
63126
79511
22167
79512
54936
79514
79515
79516
79518
63134
38558
79519
38559
79520
38561
79522
38562
79523
22179
79524
79526
63142
79527
79528
79530
79531
79532
79534
63150
79535
79536
79538
14002
79539
14003
79540
14004
79542
63158
79543
38583
79544
38584
79546
38586
79547
38587
79548
79550
63166
46782
79551
46783
79552
46784
79554
79555
79556
79558
63174
79559
14023
79560
71368
71369
79562
71370
79563
79564
79566
63182
79567
79568
38608
38609
79570
38610
79571
38611
14035
79572
38612
79574
63190
79575
79576
79578
79579
79580
79582
63198
79583
14047
79586
79587
79590
63206
79591
55017
38633
79594
55018
38634
79595
55019
38635
14059
38636
55021
38637
63214
55022
30446
79599
55023
79603
63222
79607
79611
5884
79614
63230
79615
79618
38658
79619
38659
5891
38660
38661
79622
63238
38662
79623
79626
79627
79630
63246
30478
79631
5903
79634
79635
79638
63254
79639
79642
30490
79643
38683
5915
38684
38685
79646
63262
38686
79647
38687
79650
79651
79654
63270
79655
5927
79658
79659
79662
63278
79663
79666
79667
5939
38709
22325
79670
63286
38710
79671
38711
22327
79674
79675
79678
63294
79679
79682
79683
79686
63302
79687
79690
22346
79691
79694
63310
38734
79695
38735
38736
79698
63318
22358
63326
22370
63334
38759
38760
38761
22382
63343
63344
63345
14205
14206
14207
38784
38785
38786
14226
38809
38810
38811
55197
14238
55199
55200
55201
55202
55203
14250
87981
87983
38834
38835
38836
14262
30648
30649
38849
38850
38851
38852
6087
79817
79818
79819
38859
79820
38860
38861
6094
128984
128985
30681
6106
128987
128988
128989
128990
128991
128992
38884
38885
30693
38886
6130
38909
38910
6142
38911
22528
55297
22530
55299
63495
129032
129033
129034
129035
129036
129037
129039
22549
38934
38935
38936
22561
22573
38959
38960
38961
22585
88123
88124
88125
88130
38984
14408
38985
14409
88138
38986
14410
88146
129110
129111
129113
14429
39009
39010
39011
14441
14453
39034
39035
39036
129150
129151
129152
129153
14465
30851
30852
6288
6290
39059
39060
39061
6297
30884
6309
39084
39085
39086
30896
6323
6324
6325
6333
6335
6336
88258
6338
39109
39110
39111
88266
6346
22731
6347
6348
22733
88274
39134
39135
39136
22752
39158
39159
39160
22776
39161
39184
39185
88338
39186
14611
14612
14613
88346
39194
39196
39197
39199
39200
39201
88354
39202
14632
39209
88362
39210
39211
88370
14656
39234
39235
39236
31054
31055
39259
6491
39260
39261
6493
6500
31087
6512
39284
39285
39286
31099
6524
88450
6536
88458
39310
39311
39312
88466
22934
22936
88474
88482
88490
39338
22955
39340
39341
39343
39344
39345
88498
39346
22979
14814
14815
14816
14835
64011
14859
64012
64013
31257
31258
6694
6696
129580
129581
162350
129582
129583
6703
162354
31290
6715
31302
31314
39508
39510
39511
39513
39514
39515
39520
23136
39521
23137
39522
23139
129650
129651
129652
39540
129653
39541
39542
23158
80505
80506
80507
80508
39560
39561
39562
39563
23182
64153
64154
39580
39581
39582
39583
64160
64168
15017
15018
15019
64176
39600
39601
39602
39603
129717
129718
15038
39620
39621
39622
47815
39623
47816
129748
129749
15062
39640
39642
39643
31460
31461
88811
39660
88813
6897
6899
6906
39680
39682
6918
31495
31496
31497
31498
64272
31505
31506
31507
39700
31508
31509
39702
31510
64280
39708
39709
31517
39710
31518
39711
31519
64288
31520
39713
31521
39714
31522
39715
80676
64296
39720
39721
39722
23339
23340
23342
39740
39741
39742
23361
39760
39761
39762
23385
72544
72545
72546
39781
39782
64360
47977
47978
47979
47980
88942
47982
88943
64368
47984
88945
88946
88948
15220
88949
15221
15222
88951
88952
64376
88953
39801
88954
39802
88955
88956
88957
88958
88959
88960
64384
88961
88962
88963
88964
88965
88966
88967
88968
88969
15241
88971
88972
39821
39822
88975
88978
88981
88984
88985
88987
88988
88990
88991
88993
39841
15265
88994
39842
88996
88997
88998
88999
89000
89001
89002
89003
89004
89005
89006
89007
31663
89008
64432
31664
89009
89010
89011
89012
89014
39862
89015
64440
89017
89018
89020
7100
89021
89022
7102
89023
89024
64448
89025
89026
39874
89027
39875
89028
89029
7109
89030
89031
89032
64456
89033
89034
89035
89036
89037
89038
89039
89040
64464
31696
89041
7121
89042
89043
89044
89045
89046
89047
89048
64472
89049
89050
89051
89052
31708
89053
89054
89055
89056
64480
89057
89058
89059
89060
89061
89062
89063
89064
31720
89065
89066
89067
89068
89069
89070
89071
89072
89073
89074
89075
89076
89077
89078
23542
89079
23543
89080
89081
23545
89082
89083
89084
89085
89086
89087
89088
89089
89090
89091
89092
89093
89094
39942
89095
89096
89097
56329
89098
56330
89099
56331
89100
23564
89101
89102
89103
89104
64528
89105
89106
89107
89108
89109
89110
89111
89112
64536
89113
39961
89114
39962
89115
89116
89117
89118
89119
89120
64544
89121
89122
89123
89124
23588
89125
89126
89127
89128
64552
89130
89131
130092
130093
89133
39981
130094
39982
89136
64560
23600
89139
89142
64568
89145
48187
89148
48188
89151
48191
15423
64576
15424
48193
40001
15425
89154
48194
40002
89157
89160
64584
89163
89166
64592
89169
89172
15444
40021
89174
40022
89175
64600
89177
89178
89180
89181
89183
89184
64608
15456
89185
89186
89187
130148
89188
130149
89189
130150
89190
89191
89192
89193
40041
89194
40042
89195
89196
15468
31866
31867
40061
40062
7303
7305
7312
40081
40082
31899
7324
130208
130210
130211
40101
40102
130215
31911
130219
56492
56493
56494
130223
56495
56496
56497
56498
130227
56499
130231
48312
89273
48313
40121
89274
48314
40122
130235
89277
89278
130239
89281
89282
23746
130243
23748
89285
89286
130248
89289
89290
89292
130253
89293
40141
89294
40142
89296
89297
130258
89298
89300
89301
89302
130263
23767
89304
89305
89306
130268
89308
89309
89310
89312
130273
89313
40161
89314
40162
89316
89318
89320
89322
89324
89326
23791
89328
89330
89332
40181
89334
40182
89336
89338
23803
89342
89345
89346
89349
89350
89353
40201
89354
40202
15626
15627
15628
89357
130318
89358
89361
130323
89364
89365
89366
130328
89368
89369
89370
89372
89373
40221
89374
40222
15647
89376
89377
89378
89380
89381
89382
89384
89385
15659
89388
89389
89392
89393
40241
40242
89396
89397
15671
89400
89401
89404
89405
56637
56638
89408
89409
56641
56643
15683
89412
89413
40261
32069
40262
32070
89416
89417
64841
56649
64842
64843
56651
89420
89421
89424
89425
56657
7506
89428
7508
89429
89432
89433
56665
40281
40282
89436
89437
89440
89441
56673
89444
89445
32102
7527
130408
89448
89449
56681
56683
89452
130413
89453
40301
40302
89456
89457
130418
56690
32114
56691
89460
56692
89461
130423
89464
89465
56698
56699
130428
89468
56700
89469
73086
89472
130433
89473
40321
56706
40322
56707
89476
56708
89477
89480
89481
56714
56715
7563
89484
89485
23949
23951
89488
89489
89492
89493
40341
40342
89496
89497
56730
89500
89501
89504
89505
56738
23970
130467
89508
89509
130471
89512
89513
40361
56746
40362
130475
56747
89516
89517
130479
89520
89521
56754
130483
56755
89524
89525
130487
89528
89529
56762
23994
130491
56763
89532
89533
40381
40382
89536
89537
56770
56771
89540
89541
24006
130503
89544
89545
56778
130507
56779
89548
56780
89549
130511
89552
89553
40401
81362
56786
40402
130515
81363
56787
89556
81364
56788
89557
15829
15830
130519
15831
89560
89561
56794
130523
56795
89564
89565
89568
89569
56802
56803
89572
89573
40421
40422
89576
89577
56810
15850
56811
89580
89581
89584
89585
65010
56818
65011
56819
89588
89589
15862
130551
89592
89593
40441
56826
40442
130555
56827
89596
89597
130559
89601
56834
15874
130563
56835
89605
89606
130567
89609
89610
73226
56842
130571
56843
40461
40462
15886
130575
32272
32273
56850
130579
56851
130583
56858
130587
56859
7709
130591
7711
40481
56866
40482
130595
56867
130599
56874
130603
56875
130607
32305
56882
7730
130611
56883
40501
40502
130615
56890
130619
56891
32317
130623
56898
130627
56899
130628
130629
130630
40521
56906
40522
56907
56914
130643
56915
56916
7766
130647
24152
56922
24154
130651
56923
56924
40541
40542
130655
56930
56931
56932
56938
56939
56940
24173
40561
56946
40562
56947
56948
56954
56955
130684
56956
130685
130686
56962
56963
56964
40581
24197
40582
56970
56971
56972
24209
56978
56979
56980
40601
56986
40602
56987
56988
16032
16033
56994
16034
56995
56996
57002
57003
57004
40621
40622
57010
57011
57012
16053
130743
130744
130746
57018
57019
57020
40641
16065
57026
40642
57027
57028
57034
57035
57036
16077
57042
57043
57044
40661
40662
130776
130777
16089
130778
57050
57051
32475
57052
32476
57058
57059
7912
40681
57066
40682
7914
57067
57074
57075
57082
57083
32508
40701
7933
40702
57090
57091
32520
57098
57099
57100
40721
57106
40722
57107
57108
57114
57115
57116
7969
57122
57123
24355
40741
24357
40742
57130
57131
57138
57139
24376
40761
57146
40762
57147
57154
57155
57162
57163
40781
40782
24400
57170
57171
57178
57179
57180
40801
57186
40802
57187
57188
57194
57195
16235
16236
16237
57202
57203
40821
40822
57210
57211
16256
57218
57220
40841
57226
40842
57228
16268
57234
57236
16280
57242
57244
40861
40862
57250
57252
16292
32678
32679
57258
57260
40881
57266
40882
8115
57268
8117
57274
57276
57282
57284
40901
40902
32711
8136
57290
57292
32723
57300
40921
40922
57308
57316
57324
8172
24557
40942
24560
57330
57331
57332
57338
57339
57340
)


// ************************************************************************* //
