0.001	0.0328713
0.002	0.0524802
0.003	0.0597808
0.004	0.0588423
0.005	0.0532713
0.006	0.0453522
0.007	0.0371784
0.008	0.0296388
0.009	0.0230406
0.01	0.0176691
0.011	0.0137098
0.012	0.0110674
0.013	0.0095681
0.014	0.00898981
0.015	0.00909515
0.016	0.00965389
0.017	0.0104705
0.018	0.0113818
0.019	0.0122814
0.02	0.0131018
0.021	0.0138033
0.022	0.0143682
0.023	0.0147926
0.024	0.0150822
0.025	0.0152485
0.026	0.015306
0.027	0.0152723
0.028	0.0151677
0.029	0.0150135
0.03	0.0148301
0.031	0.0146384
0.032	0.0144547
0.033	0.01429
0.034	0.0141506
0.035	0.0140382
0.036	0.0139504
0.037	0.0138826
0.038	0.0138297
0.039	0.0137875
0.04	0.0137528
0.041	0.0137238
0.042	0.0137004
0.043	0.0136827
0.044	0.0136706
0.045	0.0136658
0.046	0.013664
0.047	0.0136632
0.048	0.0136614
0.049	0.0136564
0.05	0.0136461
0.051	0.0136283
0.052	0.0136013
0.053	0.013565
0.054	0.0135203
0.055	0.013469
0.056	0.013413
0.057	0.0133545
0.058	0.0132954
0.059	0.0132376
0.06	0.0131831
0.061	0.0131334
0.062	0.0130891
0.063	0.01305
0.064	0.0130161
0.065	0.0129901
0.066	0.0129667
0.067	0.0129488
0.068	0.0129346
0.069	0.0129216
0.07	0.0129074
0.071	0.0128955
0.072	0.012884
0.073	0.0128756
0.074	0.0128701
0.075	0.0128672
0.076	0.0128661
0.077	0.0128658
0.078	0.0128656
0.079	0.0128652
0.08	0.0128668
0.081	0.0128676
0.082	0.0128686
0.083	0.0128701
0.084	0.0128717
0.085	0.0128741
0.086	0.0128773
0.087	0.0128825
0.088	0.0128902
0.089	0.0129005
0.09	0.0129143
0.091	0.0129323
0.092	0.0129552
0.093	0.0129827
0.094	0.0130146
0.095	0.0130492
0.096	0.0130856
0.097	0.0131234
0.098	0.0131615
0.099	0.0132011
0.1	0.013244
0.101	0.0132919
0.102	0.0133445
0.103	0.0134013
0.104	0.0134617
0.105	0.0135263
0.106	0.0135964
0.107	0.0136664
0.108	0.0137451
0.109	0.0138334
0.11	0.0139317
0.111	0.0140417
0.112	0.0141578
0.113	0.0142789
0.114	0.0144034
0.115	0.0145303
0.116	0.0146594
0.117	0.01479
0.118	0.0149217
0.119	0.0150542
0.12	0.0151873
0.121	0.0153227
0.122	0.0154605
0.123	0.0156014
0.124	0.0157443
0.125	0.0158888
0.126	0.0160312
0.127	0.0161671
0.128	0.0163024
0.129	0.0164377
0.13	0.0165746
0.131	0.0167126
0.132	0.0168509
0.133	0.016989
0.134	0.0171261
0.135	0.0172612
0.136	0.017395
0.137	0.0175246
0.138	0.0176478
0.139	0.017765
0.14	0.0178821
0.141	0.0180011
0.142	0.0181183
0.143	0.0182321
0.144	0.0183421
0.145	0.0184491
0.146	0.0185544
0.147	0.0186578
0.148	0.0187591
0.149	0.0188567
0.15	0.0189494
0.151	0.0190362
0.152	0.0191176
0.153	0.0191966
0.154	0.0192738
0.155	0.0193595
0.156	0.019454
0.157	0.0195533
0.158	0.0196538
0.159	0.0197554
0.16	0.0198564
0.161	0.019955
0.162	0.0200494
0.163	0.0201353
0.164	0.0202113
0.165	0.0202806
0.166	0.0203473
0.167	0.020414
0.168	0.0204811
0.169	0.0205493
0.17	0.0206182
0.171	0.0206877
0.172	0.0207579
0.173	0.0208381
0.174	0.0209194
0.175	0.0210022
0.176	0.0210877
0.177	0.0211757
0.178	0.0212659
0.179	0.0213573
0.18	0.0214499
0.181	0.0215438
0.182	0.0216379
0.183	0.0217317
0.184	0.0218253
0.185	0.0219186
0.186	0.0220117
0.187	0.0221044
0.188	0.0221964
0.189	0.0222916
0.19	0.0223854
0.191	0.0224789
0.192	0.0225737
0.193	0.0226715
0.194	0.0227743
0.195	0.0228848
0.196	0.0230052
0.197	0.0231403
0.198	0.0232901
0.199	0.0234535
0.2	0.0236271
0.201	0.0238034
0.202	0.0239722
0.203	0.0241351
0.204	0.0242911
0.205	0.0244308
0.206	0.0245254
0.207	0.0245524
0.208	0.0245151
0.209	0.0243974
0.21	0.0242003
0.211	0.0239354
0.212	0.023653
0.213	0.0233574
0.214	0.023078
0.215	0.0228262
0.216	0.0226105
0.217	0.0224246
0.218	0.0222624
0.219	0.0221218
0.22	0.0220025
0.221	0.0219131
0.222	0.0218375
0.223	0.0217722
0.224	0.021716
0.225	0.0216657
0.226	0.0216186
0.227	0.021573
0.228	0.0215289
0.229	0.0214879
0.23	0.0214476
0.231	0.0214082
0.232	0.0213708
0.233	0.0213349
0.234	0.0213011
0.235	0.0212706
0.236	0.0212445
0.237	0.0212243
0.238	0.021211
0.239	0.0212055
0.24	0.0212081
0.241	0.0212185
0.242	0.0212361
0.243	0.0212598
0.244	0.0212886
0.245	0.0213211
0.246	0.0213557
0.247	0.0213916
0.248	0.0214277
0.249	0.0214631
0.25	0.0214968
0.251	0.0215278
0.252	0.0215555
0.253	0.0215794
0.254	0.0215992
0.255	0.0216149
0.256	0.0216261
0.257	0.021633
0.258	0.0216356
0.259	0.0216344
0.26	0.0216297
0.261	0.0216223
0.262	0.0216128
0.263	0.0216017
0.264	0.0215895
0.265	0.0215765
0.266	0.0215627
0.267	0.0215484
0.268	0.0215331
0.269	0.0215168
0.27	0.0215011
0.271	0.0214866
0.272	0.021473
0.273	0.0214598
0.274	0.0214467
0.275	0.021434
0.276	0.0214217
0.277	0.0214097
0.278	0.0213978
0.279	0.021386
0.28	0.0213744
0.281	0.0213632
0.282	0.0213521
0.283	0.021341
0.284	0.0213298
0.285	0.0213185
0.286	0.0213071
0.287	0.0212958
0.288	0.0212846
0.289	0.0212736
0.29	0.0212628
0.291	0.0212523
0.292	0.0212419
0.293	0.0212318
0.294	0.021222
0.295	0.0212127
0.296	0.0212037
0.297	0.0211949
0.298	0.0211862
0.299	0.0211774
0.3	0.0211687
0.301	0.0211601
0.302	0.0211518
0.303	0.021144
0.304	0.0211364
0.305	0.0211292
0.306	0.0211223
0.307	0.0211157
0.308	0.0211094
0.309	0.0211032
0.31	0.0210973
0.311	0.0210916
0.312	0.021086
0.313	0.0210807
0.314	0.0210754
0.315	0.0210703
0.316	0.0210652
0.317	0.0210603
0.318	0.0210555
0.319	0.0210508
0.32	0.0210461
0.321	0.0210415
0.322	0.021037
0.323	0.0210326
0.324	0.0210283
0.325	0.0210242
0.326	0.0210201
0.327	0.0210157
0.328	0.0210111
0.329	0.0210064
0.33	0.0210015
0.331	0.0209965
0.332	0.0209915
0.333	0.0209866
0.334	0.0209815
0.335	0.0209763
0.336	0.0209708
0.337	0.020965
0.338	0.020959
0.339	0.0209528
0.34	0.0209464
0.341	0.0209397
0.342	0.0209327
0.343	0.0209256
0.344	0.0209182
0.345	0.0209106
0.346	0.0209028
0.347	0.020895
0.348	0.0208871
0.349	0.0208792
0.35	0.0208713
0.351	0.0208635
0.352	0.0208555
0.353	0.0208477
0.354	0.0208398
0.355	0.0208319
0.356	0.020824
0.357	0.0208161
0.358	0.0208082
0.359	0.0208004
0.36	0.0207926
0.361	0.0207848
0.362	0.0207769
0.363	0.0207689
0.364	0.0207607
0.365	0.0207525
0.366	0.0207442
0.367	0.0207358
0.368	0.0207274
0.369	0.0207191
0.37	0.0207109
0.371	0.0207028
0.372	0.0206947
0.373	0.0206869
0.374	0.0206789
0.375	0.0206709
