/*--------------------------------*- C++ -*----------------------------------*\
| =========                 |                                                 |
| \\      /  F ield         | OpenFOAM: The Open Source CFD Toolbox           |
|  \\    /   O peration     | Version:  v2012                                 |
|   \\  /    A nd           | Website:  www.openfoam.com                      |
|    \\/     M anipulation  |                                                 |
\*---------------------------------------------------------------------------*/
FoamFile
{
    version     2.0;
    format      binary;
    class       cellSet;
    arch        "LSB;label=32;scalar=64";
    location    "constant/polyMesh/sets";
    object      concaveCells;
}
// * * * * * * * * * * * * * * * * * * * * * * * * * * * * * * * * * * * * * //


2431
(
57346
49156
114695
57352
8205
57358
8206
114703
8207
40978
57364
22
49175
23
24601
57370
24602
24603
57376
114723
57382
114727
49194
114731
57388
41006
114735
57394
114739
114743
57400
114747
49213
57406
114751
114755
57412
57418
41034
114763
57424
49232
114771
57430
114779
57436
57442
114787
49251
41062
57448
114795
57454
114803
57460
41077
49270
41078
57466
114811
41090
114819
57478
49289
114827
57490
114835
114843
49308
41117
57502
73888
73889
161
73890
162
114851
163
57514
114859
49327
57520
114867
57526
90295
41144
114875
57532
90302
114879
57538
49346
114883
90309
114887
57544
114891
57550
114895
114899
41171
57556
49365
114903
57562
114907
114911
82143
82144
57568
82145
225
114915
229
57574
114919
49384
232
114923
235
57580
73965
237
73966
41198
114927
239
241
57586
114931
243
245
114935
247
57592
249
114939
49403
251
253
57598
114943
255
57601
257
114947
259
90372
261
114951
57607
263
57608
57609
41225
265
114955
90379
267
269
49422
114959
271
273
274
114963
275
114967
114971
285
286
114975
287
288
49441
289
290
114979
291
41252
293
82214
114983
295
82216
297
114987
299
114991
114995
8499
49460
114999
115003
115007
41279
115011
65862
115015
65863
49479
65864
65865
115019
41294
115023
41295
41296
115027
115031
8535
49498
41306
115035
349
115039
352
115043
355
115047
115051
41324
49517
115055
367
24945
24946
370
115059
24948
41333
373
115063
115071
49536
115075
388
115079
41351
391
393
115083
395
115091
49555
65940
65941
410
115099
411
412
41378
49574
57769
57771
57772
57776
57777
57778
57779
49593
115131
41405
25022
25023
25024
115139
115147
49612
115155
8660
8661
8662
41432
115163
49631
41441
482
115171
483
115179
74222
74223
74224
49650
115187
41459
115195
41468
115203
49669
115211
41486
115219
41495
49688
115227
115235
115239
41513
115243
49707
115247
41522
115251
74294
115255
74295
74296
115259
49726
115263
115267
41540
115271
115275
41549
115279
49745
115283
115287
115291
115295
41567
115299
49764
115303
41576
115307
49783
41594
57981
82558
82559
82560
57986
57987
41603
57996
58003
66197
41621
661
66198
662
66199
663
58010
58017
58024
58031
41648
58038
58045
25280
25281
25282
82634
58059
41675
82636
58073
66267
66269
66270
738
739
740
41702
58087
41705
58091
58092
58094
58098
58099
58100
58101
58108
41729
58115
41732
25350
25351
25352
58122
58129
58136
41756
8988
8989
58143
41759
8991
58150
58157
58164
41783
41786
58171
41792
58178
49992
58185
58192
41810
41813
58199
50011
41819
58206
58213
41837
50030
41840
58227
41846
58241
50049
9093
9094
41864
74637
74638
74639
58255
74640
50068
58262
41891
58276
50087
940
941
942
58290
50106
41918
58304
41921
82893
50125
82894
58318
41945
74714
74715
74716
58332
41948
50144
58346
1010
50163
41972
1012
1013
41975
58360
41981
58374
50182
41999
42002
58388
42008
50201
58402
42026
50220
42029
82991
58416
82993
82995
66611
42035
82996
82997
66613
66614
33849
33850
33851
33852
33853
58430
33854
50239
42053
42056
58444
42062
50258
58458
25695
42080
25697
42083
50277
58472
42089
58486
50296
42107
33915
33916
33917
42110
66688
66690
33922
33923
58500
42116
33924
33925
33926
33927
50315
1168
1169
58514
1170
1171
42134
42137
50334
42143
58528
33961
33962
33963
25771
9387
33964
25772
33965
25773
58542
33966
33967
33968
50353
42161
33969
33970
33971
42164
33972
33973
33974
42170
58556
50372
33991
33992
33993
58570
33994
33995
42188
33996
33997
33998
42191
33999
34000
34001
34002
34003
34004
42197
34005
50391
58584
74972
74973
74974
1246
1247
9443
9445
58598
42215
50410
42218
42224
58612
50429
58626
42242
42251
58640
50448
34074
75035
34075
75036
34076
75037
42269
34077
58654
34078
34079
34080
9506
50467
9507
9508
42278
58668
50486
42296
58682
42305
58696
50505
1354
1355
1356
42323
50524
42332
34154
34155
34156
42350
50543
42359
66946
66947
66948
42377
140685
42386
1427
140692
140699
140706
42413
26029
26030
26031
34242
34243
34244
42440
67017
67018
140769
42467
140776
58857
26097
26098
26099
58871
58878
42494
34313
34314
34315
58892
34316
34317
34318
34319
58906
75293
75294
75295
9764
9765
9766
58920
50730
50731
50732
50733
58934
58941
1597
1598
1599
50752
1600
58948
58955
42575
58962
50771
58969
34393
34394
34395
75356
34396
75357
34397
75358
34398
58976
9828
9829
50790
58983
42602
99949
58990
99953
18033
18034
18035
18036
99957
58997
18037
18038
18039
18040
99961
50809
18042
18043
59004
18044
59011
42629
59018
18058
1674
1675
50828
1676
59025
18071
59032
99993
99997
59039
50847
42656
34466
34467
34468
18084
59046
34470
34471
34472
34473
59053
18097
50866
59060
59067
42683
18111
59074
50885
59081
42701
18125
59088
59095
50904
18139
83678
59102
83679
83680
83681
83682
83683
83684
83685
59109
42728
18153
59116
59123
34547
34548
34549
34550
34551
34552
18168
59130
50942
59137
42755
18183
1800
1801
1802
59151
50961
18198
59165
42782
67360
67361
67362
50980
18213
59179
59186
50996
18228
50997
50998
59193
42809
59200
18243
59207
26441
26442
26443
26444
59214
18258
42836
59221
59228
75615
75616
18273
59235
10085
10086
10087
59242
67438
67439
42863
18288
59249
83832
59256
83833
83834
83836
83837
59263
18303
59270
42890
59277
18318
26518
26519
26520
59291
18333
59296
59297
51105
59298
51106
51107
51108
51109
42917
59302
51110
59303
59304
59305
18348
10156
51117
10157
51118
10158
51119
51120
51121
75698
51122
51123
75700
75701
75702
75703
59319
18363
42944
59333
18378
59347
18393
59361
18408
59375
18423
59389
18438
59403
18453
59417
18468
59431
59438
59445
59452
59459
59466
59473
59480
59487
59491
59493
59498
59499
59500
67695
67696
67697
43133
18573
51351
51352
43160
26776
26777
26778
18588
18603
43187
67765
67766
43190
67768
18618
18633
51407
51408
43217
18648
18663
43244
18678
59639
59640
59641
10499
10500
18693
10501
43271
18708
43298
18723
59694
59695
18738
18753
18768
10576
10577
10578
18783
18798
43376
84348
18813
84350
84351
84352
84353
43403
18828
18843
43430
18858
76214
76215
76216
76217
18873
76218
76219
43457
18888
18903
43484
43487
18918
84460
84461
84462
84463
18933
43511
43514
43520
18948
68110
68111
68112
43538
18963
43541
43547
18978
43565
43568
18993
76340
76341
43574
76343
76344
76345
19008
43592
43595
19023
43601
10834
10835
10836
68186
68187
68188
19038
43616
43617
43618
43622
43628
19053
19068
43649
43655
19083
10905
19098
10907
43676
43682
19113
43703
19128
43709
19143
43730
19158
43736
19173
43757
43763
19188
19203
43784
43790
19218
19233
43811
52008
43817
52010
19248
43838
19263
43844
84805
84806
84807
19278
43865
19293
68446
43871
19308
43892
43898
19323
60297
52105
60298
52106
19338
60299
52107
52108
43919
84883
43925
19353
19368
43946
43952
19383
68542
68543
68544
68545
68546
68547
68548
68549
43973
19398
43979
19413
150489
43994
43995
43996
43997
150496
44001
19428
150503
44007
60394
60395
60396
60397
150510
11249
52210
11250
52211
19443
11251
44029
44035
44057
44063
19488
150566
52266
52268
150573
19503
44085
76856
76859
44091
76860
76861
19518
11326
11327
19533
44113
60501
44119
19548
19563
44141
44147
19578
44162
44163
44164
44165
44166
44167
44168
19593
60555
60556
60558
44175
85139
85140
85141
19608
19623
76968
76971
44203
19638
19653
44231
19668
44259
19683
19698
85237
85238
85240
85241
85242
85243
85244
44287
19713
44315
44343
11583
11584
11585
44358
44359
44360
44361
44362
44363
44364
44365
44366
44367
44368
44369
44370
19803
19818
19833
101757
101761
11654
11655
19848
11656
19863
19878
19893
19908
44496
44497
44498
44499
19923
44500
44502
19938
19953
19968
77313
77314
77315
19983
19998
20013
20028
20044
77389
20045
20046
77391
20047
20048
20049
44626
20050
44627
20051
44628
20052
20053
20054
20055
44642
69230
69231
44655
69234
69235
69236
69237
44668
52868
52869
52870
52871
44681
44694
44707
44720
44730
44732
44733
11997
11998
11999
12000
61157
61159
52967
61160
52968
69384
69385
69387
69388
69389
12074
12075
12076
61255
61257
77647
53071
77648
53072
77649
53073
53074
53129
44941
44954
85925
85926
85927
44967
85928
85929
85930
85931
85932
77746
77748
44980
77749
77750
77751
77752
44993
45006
45019
45032
61423
61425
61426
45045
61430
61431
45058
45071
45084
45097
12332
12333
12334
45110
86079
102465
86081
86082
86083
45123
86084
102472
45136
45149
61536
61537
61538
61542
61543
61544
61545
45162
45175
45188
102542
45201
102549
45214
45227
45240
45253
45266
45279
45292
45305
45318
69900
69901
69903
69904
69905
45331
45344
45357
45370
45383
45396
45409
45422
45435
70012
70013
70014
45448
45461
45474
45487
45500
45513
45526
53729
53730
53731
45539
53732
29163
29164
45552
45565
45578
45591
45604
45617
45630
86595
53827
86596
53828
86597
53829
86598
53830
86599
86600
45643
45656
78434
78435
78436
78437
45669
78438
78439
78440
45682
45695
45708
45721
53932
53933
53934
45760
45773
70356
70357
70358
70359
45786
53989
53990
53991
45799
45812
78587
78588
78590
78591
78592
45825
45838
45848
45850
45851
70433
70435
45864
45877
45890
111431
111435
111439
45903
111443
111447
111451
45916
45929
45942
45955
45968
45981
45994
111531
111535
111539
111543
46007
111547
111551
111555
46020
111559
111563
46030
111567
46031
46032
46108
46109
46110
46111
46112
46113
46114
70691
70693
38013
70789
38021
70790
38022
70791
70792
70793
70794
70795
38027
70796
38028
38029
38030
38032
38034
46251
46252
46253
46254
46255
46256
46257
38066
38069
46264
46265
46266
46267
46270
38119
38121
38123
38125
38127
38130
38133
38136
38139
38142
79103
79105
38145
111874
79106
79107
79108
111878
111882
38154
38157
111886
38159
111890
62739
62740
62741
111894
111898
62746
62747
62748
62749
111902
111906
111910
111914
111918
111922
111926
111930
111934
54590
54591
54592
111938
111942
111946
111950
111954
111958
111962
111966
38239
38241
111970
111974
111978
79216
79217
79218
46454
46455
46456
46457
38288
54688
54689
112034
54690
112038
112042
112046
38322
38324
87501
87505
87509
62935
87513
62937
62938
87517
62942
62943
62944
87521
62945
87525
87533
87537
112130
112134
46600
46601
112138
54796
112142
112146
112150
112154
112158
112162
54842
54843
153254
63145
153258
63147
153262
63152
153266
153270
153274
153278
153282
79560
79561
79562
46809
46827
46845
46863
79636
79637
79638
63257
63258
63260
63264
63265
46881
63266
63267
55091
71477
71478
71479
71481
55097
71482
71483
55103
55109
55115
55121
55127
55133
55139
55145
46953
55151
55157
55163
46971
55169
46989
47007
47025
47043
71631
71632
71634
71635
71636
47061
47079
55283
55289
47097
55295
55301
55307
47115
55313
79895
55319
79896
55325
47133
55331
55337
55343
47151
55349
55355
55358
55359
55360
47169
47187
79965
79966
79967
47205
47223
47241
55442
55443
55444
55445
47259
47277
47295
47304
47307
47313
47322
47325
47331
47340
47343
47349
55548
55549
47358
47361
47367
47376
47379
47385
22816
47394
22819
47397
22822
22825
47403
22828
22831
55603
55604
47412
55605
55606
47415
55613
47421
55620
47430
47433
55627
14669
14670
47439
14671
14672
14673
55634
14674
14675
14676
14677
14678
14679
47448
14680
55641
14681
14682
47451
14683
14684
14685
14686
14687
55648
14688
47457
14689
14690
14691
14692
14693
14694
55655
14695
14696
14697
47466
47469
55662
47475
14707
14708
55669
14709
14710
14711
14712
14713
14714
14715
55676
47484
14716
14717
14718
47487
14719
14720
14721
14722
55683
14723
14724
47493
14725
14726
14727
14728
14729
55690
14730
14731
153996
14732
14733
47502
14734
14735
14736
55697
47505
14737
14738
154003
14739
14740
14741
14742
47511
14743
55704
14744
14745
14746
14747
14748
14749
14750
55711
14751
47520
14752
14753
47523
55718
47529
55725
47538
80308
55732
80309
47541
80310
80311
55739
47547
55746
47556
47559
55753
47565
55760
72147
72150
47574
72151
55767
72152
154073
47577
55774
47583
154080
55781
47592
47595
55788
47601
55795
55802
47610
47613
80385
55809
80386
80387
47619
55816
47628
55823
47631
47637
55830
23063
55837
23069
47646
47649
23073
55844
23077
47655
23081
55851
23085
47664
55858
47667
55865
47673
23097
72253
72254
55872
47682
47685
55879
47691
55886
47700
55893
47703
55900
47709
55907
47718
47721
55914
47727
55921
55928
47736
47739
47745
47754
47757
47763
137883
47772
137887
47775
137891
47781
137895
47790
47793
137919
47808
137923
47811
47826
47829
47844
47847
47862
47865
80643
80644
80645
47880
47883
47898
47901
39709
47916
47925
72512
56131
47943
80713
56138
80715
80716
23376
56145
56152
47961
56159
56166
47979
56173
56180
56187
72573
72574
72575
56194
56201
48009
56206
56207
56208
39826
56215
48027
56222
56229
56236
48045
56243
56250
48063
56257
48069
56264
39882
64461
56271
64464
48081
64468
64469
64470
56278
48087
56285
48099
56292
48105
56299
56303
56304
56305
48117
48123
48132
48135
48141
48147
48148
48149
48153
48159
48171
48177
48189
48195
48207
48213
48225
48231
48243
23667
48249
72831
72832
72833
48261
48267
64658
56471
48279
64664
64665
64666
56474
48285
56479
81057
81058
81059
81060
48297
48303
48315
72894
72895
72896
48321
48333
48339
48351
48357
81135
81136
48369
48375
56569
56570
56575
56576
56577
64770
48387
64772
48393
56590
48399
48400
48401
48402
48406
56602
48412
56614
48425
48431
113969
56626
48444
56638
48450
56650
48463
48469
56662
56674
48482
48488
56686
48501
56698
48509
48510
48511
48512
48513
56710
48520
48521
48522
48523
48524
48525
48526
23953
56722
23954
56728
56734
56740
114085
114089
56746
114093
56752
114097
114101
56758
114105
56764
114109
73152
114113
73153
73154
56770
114117
56776
56782
56788
56794
56800
56806
56812
81392
81393
81394
56818
56824
56830
73215
73216
73217
56836
56842
56848
56854
56860
56866
56872
56878
56884
81464
81465
81466
56890
81467
56896
56902
56908
56914
56920
65115
65116
7772
7773
56926
7774
56932
48742
48743
48744
48745
56938
48746
48747
56944
48754
48755
48756
48757
56950
48759
48760
56956
56962
56968
7818
7821
56974
7824
24211
7827
56980
24212
24213
7830
7833
56986
7836
7839
56992
7842
7845
65190
65191
65192
7848
7851
57004
7854
7857
7860
7863
57016
7866
7869
7872
7875
57028
7878
7881
7884
7887
57040
24274
7890
24275
24276
7893
7896
7899
57052
7902
7905
7908
7911
57064
7914
7917
7920
7923
57076
7926
7929
7932
7935
57088
73473
73474
7938
73475
7941
7944
40713
40714
7947
57100
40716
40717
40718
7950
40719
40720
7953
40722
40723
40724
7956
40725
7959
57112
57124
7977
7980
7983
57136
48944
48945
48946
40754
7986
7989
7992
7995
57148
7998
8001
8004
8007
73544
57160
73545
73546
8010
8013
40782
8016
8019
8022
8025
8028
40797
40798
40799
8031
40800
40802
8034
40810
8046
8049
8052
8055
40832
40838
57226
81808
81809
81810
81811
57238
40860
57250
40866
8100
8101
8102
8103
65448
57256
65449
65450
57262
57268
40888
57274
40894
57280
57286
49097
49098
49099
57292
114639
40916
24532
24533
24534
114647
57304
40922
81885
81886
49118
114655
81887
57316
114663
57322
114671
65520
57328
40944
65521
49137
57334
40950
114679
57340
114687
)


// ************************************************************************* //
