/*--------------------------------*- C++ -*----------------------------------*\
| =========                 |                                                 |
| \\      /  F ield         | OpenFOAM: The Open Source CFD Toolbox           |
|  \\    /   O peration     | Version:  v2012                                 |
|   \\  /    A nd           | Website:  www.openfoam.com                      |
|    \\/     M anipulation  |                                                 |
\*---------------------------------------------------------------------------*/
FoamFile
{
    version     2.0;
    format      binary;
    class       cellSet;
    arch        "LSB;label=32;scalar=64";
    location    "constant/polyMesh/sets";
    object      underdeterminedCells;
}
// * * * * * * * * * * * * * * * * * * * * * * * * * * * * * * * * * * * * * //


4773
(
49152
49160
49161
49162
49163
49164
49165
49166
49167
49168
49169
49170
49171
49179
49180
49181
49182
49183
49184
49185
49186
49187
49188
49189
49190
49198
49199
49200
49201
49202
49203
49204
49205
49206
49207
49208
49209
49217
49218
49219
49220
49221
49222
49223
49224
49225
49226
49227
49228
49236
49237
49238
49239
49240
49241
49242
49243
49244
49245
49246
49247
49255
49256
49257
49258
49259
49260
49261
49262
49263
49264
49265
49266
49274
49275
49276
49277
49278
49279
49280
49281
49282
49283
49284
49285
49293
49294
49295
49296
49297
49298
49299
49300
49301
49302
49303
49304
49312
49313
49314
49315
49316
49317
49318
49319
49320
49321
49322
49323
49331
49332
49333
49334
49335
49336
49337
49338
49339
49340
49341
49342
49350
49351
49352
49353
49354
49355
49356
49357
49358
49359
49360
49361
49369
49370
49371
49372
49373
49374
49375
49376
49377
49378
49379
49380
49388
49389
49390
49391
49392
49393
49394
49395
49396
49397
49398
49399
49407
49408
49409
49410
49411
49412
49413
49414
49415
49416
49417
49418
49426
49427
49428
49429
49430
49431
49432
49433
49434
49435
49436
49437
49445
49446
49447
49448
49449
49450
49451
49452
49453
49454
49455
49456
49464
49465
49466
49467
49468
49469
49470
49471
49472
49473
49474
49475
49483
49484
49485
49486
49487
49488
49489
49490
49491
49492
49493
49494
49502
49503
49504
49505
49506
49507
49508
49509
49510
49511
49512
49513
49521
49522
49523
49524
49525
49526
49527
49528
49529
49530
49531
49532
49540
49541
49542
49543
49544
49545
49546
49547
49548
49549
49550
49551
49559
49560
49561
49562
49563
49564
49565
49566
49567
49568
49569
49570
49578
49579
49580
49581
49582
49583
49584
49585
49586
49587
49588
49589
49597
49598
49599
49600
49601
49602
49603
49604
49605
49606
49607
49608
49616
49617
49618
49619
49620
49621
49622
49623
49624
49625
49626
49627
49635
49636
49637
49638
49639
49640
49641
49642
49643
49644
49645
49646
49654
49655
49656
49657
49658
49659
49660
49661
49662
49663
49664
49665
49673
49674
49675
49676
49677
49678
49679
49680
49681
49682
49683
49684
49692
49693
49694
49695
49696
49697
49698
49699
49700
49701
49702
49703
49711
49712
49713
49714
49715
49716
49717
49718
49719
49720
49721
49722
49730
49731
49732
49733
49734
49735
49736
49737
49738
49739
49740
49741
49749
49750
49751
49752
49753
49754
49755
49756
49757
49758
49759
49760
49768
49769
49770
49771
49772
49773
49774
49775
49776
49777
49778
49779
49787
49788
49789
49790
49791
49792
49793
49794
49795
49796
49797
49798
49806
49807
49808
49809
49810
49811
49812
49813
49814
49815
49816
49817
49825
49826
49827
49828
49829
49830
49831
49832
49833
49834
49835
49836
49844
49845
49846
49847
49848
49849
49850
49851
49852
49853
49854
49855
49863
49864
49865
49866
49867
49868
49869
49870
49871
49872
49873
49874
49882
49883
49884
49885
49886
49887
49888
49889
49890
49891
49892
49893
49901
49902
49903
49904
49905
49906
49907
49908
49909
49910
49911
49912
49920
49921
49922
49923
49924
49925
49926
49927
49928
49929
49930
49931
49939
49940
49941
49942
49943
49944
49945
49946
49947
49948
49949
49950
49958
49959
49960
49961
49962
49963
49964
49965
49966
49967
49968
49969
49977
49978
49979
49980
49981
49982
49983
49984
49985
49986
49987
49988
49996
49997
49998
49999
50000
50001
50002
50003
50004
50005
50006
50007
50015
50016
50017
50018
50019
50020
50021
50022
50023
50024
50025
50026
50034
50035
50036
50037
50038
50039
50040
50041
50042
50043
50044
50045
50053
50054
50055
50056
50057
50058
50072
50073
50074
50075
50076
50077
50091
50092
50093
50094
50095
50096
50110
50111
50112
50113
50114
50115
50116
50117
50118
50119
50129
50130
50131
50132
50133
50134
50135
50136
50137
50148
50149
50150
50151
50152
50153
50154
50155
50156
50167
50168
50169
50170
50171
50172
18302
18317
18332
18347
18362
18363
18364
18365
18366
18367
18368
18369
18370
18371
18372
18373
18374
18375
18376
18377
18378
18379
18380
18381
18382
18383
18384
18385
18386
18387
18388
18389
18390
18391
18392
18393
18394
18395
18396
18397
18398
18399
18400
18401
18402
18403
18404
18405
18406
18407
18408
18409
18410
18411
18412
18413
18414
18415
18416
18417
18418
18419
18420
18421
18422
18423
18424
18425
18426
18427
18428
18429
18430
18431
18432
18433
18434
18435
18436
18437
18438
18439
18440
18441
18442
18443
18444
18445
18446
18447
18448
18449
18450
18451
18452
18453
18454
18455
18456
18457
18458
18459
18460
18461
18462
18463
18464
18465
18466
18467
18468
18469
18470
18471
18472
18473
18474
18475
18476
18477
18478
18479
18480
18481
18482
18483
18484
18485
18486
18487
18488
18489
18490
18491
18492
18493
18494
18495
18496
18497
18498
18499
18500
18501
18502
18503
18504
18505
18506
18507
18508
18509
18510
18511
18512
18513
18514
18515
18516
18517
18518
18519
18520
18521
18522
18523
18524
18525
18526
18527
18528
18529
18530
18531
18532
18533
18534
18535
18536
18537
18538
18539
18540
18541
18542
18543
18544
18545
18546
18547
18548
18549
18550
18551
18552
18553
18554
18555
18556
18557
18558
18559
18560
18561
18562
18563
18564
18565
18566
18567
18568
18569
18570
18571
18572
18573
18574
18575
18576
18577
18578
18579
18580
18581
18582
18583
18584
18585
18586
18587
18588
18589
18590
18591
18592
18593
18594
18595
18596
18597
18598
18599
18600
18601
18602
18603
18604
18605
18606
18607
18608
18609
18610
18611
18612
18613
18614
18615
18616
18617
18618
18619
18620
18621
18622
18623
18624
18625
18626
18627
18628
18629
18630
18631
18632
18633
18634
18635
18636
18637
18638
18639
18640
18641
18642
18643
18644
18645
18646
18647
18648
18649
18650
18651
18652
18653
18654
18655
18656
18657
18658
18659
18660
18661
18662
18663
18664
18665
18666
18667
18668
18669
18670
18671
18672
18673
18674
18675
18676
18677
18678
18679
18680
18681
18682
18683
18684
18685
18686
18687
18688
18689
18690
18691
18692
18693
18694
18695
18696
18697
18698
18699
18700
18701
18702
18703
18704
18705
18706
18707
18708
18709
18710
18711
18712
18713
18714
18715
18716
18717
18718
18719
18720
18721
18722
18723
18724
18725
18726
18727
18728
18729
18730
18731
18732
18733
18734
18735
18736
18737
18738
18739
18740
18741
18742
18743
18744
18745
18746
18747
18748
18749
18750
18751
18752
18753
18754
18755
18756
18757
18758
18759
18760
18761
18762
18763
18764
18765
18766
18767
18768
18769
18770
18771
18772
18773
18774
18775
18776
18777
18778
18779
18780
18781
18782
18783
18784
18785
18786
18787
18788
18789
18790
18791
18792
18793
18794
18795
18796
18797
18798
18799
18800
18801
18802
18803
18804
18805
18806
18807
18808
18809
18810
18811
18812
18813
18814
18815
18816
18817
18818
18819
18820
18821
18822
18823
18824
18825
18826
18827
18828
18829
18830
18831
18832
18833
18834
18835
18836
18837
18838
18839
18840
18841
18842
18843
18844
18845
18846
18847
18848
18849
18850
18851
18852
18853
18854
18855
18856
18857
18858
18859
18860
18861
18862
18863
18864
18865
18866
18867
18868
18869
18870
18871
18872
18873
18874
18875
18876
18877
18878
18879
18880
18881
18882
18883
18884
18885
18886
18887
18888
18889
18890
18891
18892
18893
18894
18895
18896
18897
18898
18899
18900
18901
18902
18903
18904
18905
18906
18907
18908
18909
18910
18911
18912
18913
18914
18915
18916
18917
18918
18919
18920
18921
18922
18923
18924
18925
18926
18927
18928
18929
18930
18931
18932
18933
18934
18935
18936
18937
18938
18939
18940
18941
18942
18943
18944
18945
18946
18947
18948
18949
18950
18951
18952
18953
18954
18955
18956
18957
18958
18959
18960
18961
18962
18963
18964
18965
18966
18967
18968
18969
18970
18971
18972
18973
18974
18975
18976
18977
18978
18979
18980
18981
18982
18983
18984
18985
18986
18987
18988
18989
18990
18991
18992
18993
18994
18995
18996
18997
18998
18999
19000
19001
19002
19003
19004
19005
19006
19007
19008
19009
19010
19011
19012
19013
19014
19015
19016
19017
19018
19019
19020
19021
19022
19023
19024
19025
19026
19027
19028
19029
19030
19031
19032
19033
19034
19035
19036
19037
19038
19039
19040
19041
19042
19043
19044
19045
19046
19047
19048
19049
19050
19051
19052
19053
19054
19055
19056
19057
19058
19059
19060
19061
19062
19063
19064
19065
19066
19067
19068
19069
19070
19071
19072
19073
19074
19075
19076
19077
19078
19079
19080
19081
19082
19083
19084
19085
19086
19087
19088
19089
19090
19091
19092
19093
19094
19095
19096
19097
19098
19099
19100
19101
19102
19103
19104
19105
19106
19107
19108
19109
19110
19111
19112
19113
19114
19115
19116
19117
19118
19119
19120
19121
19122
19123
19124
19125
19126
19127
19128
19129
19130
19131
19132
19133
19134
19135
19136
19137
19138
19139
19140
19141
19142
19143
19144
19145
19146
19147
19148
19149
19150
19151
19152
19153
19154
19155
19156
19157
19158
19159
19160
19161
19162
19163
19164
19165
19166
19167
19168
19169
19170
19171
19172
19173
19174
19175
19176
19177
19178
19179
19180
19181
19182
19183
19184
19185
19186
19187
19188
19189
19190
19191
19192
19193
19194
19195
19196
19197
19198
19199
19200
19201
19202
19204
19205
19206
19207
19208
19209
19210
19211
19212
19213
19214
19215
19216
19217
19219
19220
19221
19222
19223
19224
19225
19226
19227
19228
19229
19230
19231
19232
19234
19235
19236
19237
19238
19239
19240
19241
19242
19243
19244
19245
19246
19247
19249
19250
19251
19252
19253
19254
19255
19256
19257
19258
19259
19260
19261
19262
19264
19265
19266
19267
19268
19269
19270
19271
19272
19273
19274
19275
19276
19277
19279
19280
19281
19282
19283
19284
19285
19286
19287
19288
19289
19290
19291
19292
19294
19295
19296
19297
19298
19299
19300
19301
19302
19303
19304
19305
19306
19307
19309
19310
19311
19312
19313
19314
19315
19316
19317
19318
19319
19320
19321
19322
19324
19325
19326
19327
19328
19329
19330
19331
19332
19333
19334
19335
19336
19337
19339
19340
19341
19342
19343
19344
19345
19346
19347
19348
19349
19350
19351
19352
19354
19355
19356
19357
19358
19359
19360
19361
19362
19363
19364
19365
19366
19367
19369
19370
19371
19372
19373
19374
19375
19376
19377
19378
19379
19380
19381
19382
19384
19385
19386
19387
19388
19389
19390
19391
19392
19393
19394
19395
19396
19397
19399
19400
19401
19402
19403
19404
19405
19406
19407
19408
19409
19410
19411
19412
19414
19415
19416
19417
19418
19419
19420
19421
19422
19423
19424
19425
19426
19427
19429
19430
19431
19432
19433
19434
19435
19436
19437
19438
19439
19440
19441
19442
19444
19445
19446
19447
19448
19449
19450
19451
19452
19453
19454
19455
19456
19457
19459
19460
19461
19462
19463
19464
19465
19466
19467
19468
19469
19470
19471
19472
19474
19475
19476
19477
19478
19479
19480
19481
19482
19483
19484
19485
19486
19487
19489
19490
19491
19492
19493
19494
19495
19496
19497
19498
19499
19500
19501
19502
19504
19505
19506
19507
19508
19509
19510
19511
19512
19513
19514
19515
19516
19517
19519
19520
19521
19522
19523
19524
19525
19526
19527
19528
19529
19530
19531
19532
19534
19535
19536
19537
19538
19539
19540
19541
19542
19543
19544
19545
19546
19547
19549
19550
19551
19552
19553
19554
19555
19556
19557
19558
19559
19560
19561
19562
19564
19565
19566
19567
19568
19569
19570
19571
19572
19573
19574
19575
19576
19577
19579
19580
19581
19582
19583
19584
19585
19586
19587
19588
19589
19590
19591
19592
19594
19595
19596
19597
19598
19599
19600
19601
19602
19603
19604
19605
19606
19607
19609
19610
19611
19612
19613
19614
19615
19616
19617
19618
19619
19620
19621
19622
19624
19625
19626
19627
19628
19629
19630
19631
19632
19633
19634
19635
19636
19637
19639
19640
19641
19642
19643
19644
19645
19646
19647
19648
19649
19650
19651
19652
19654
19655
19656
19657
19658
19659
19660
19661
19662
19663
19664
19665
19666
19667
19669
19670
19671
19672
19673
19674
19675
19676
19677
19678
19679
19680
19681
19682
19684
19685
19686
19687
19688
19689
19690
19691
19692
19693
19694
19695
19696
19697
19699
19700
19701
19702
19703
19704
19705
19706
19707
19708
19709
19710
19711
19712
19714
19715
19716
19717
19718
19719
19720
19721
19722
19723
19724
19725
19726
19727
19729
19730
19731
19732
19733
19734
19735
19736
19737
19738
19739
19740
19741
19742
19744
19745
19746
19747
19748
19749
19750
19751
19752
19753
19754
19755
19756
19757
19759
19760
19761
19762
19763
19764
19765
19766
19767
19768
19769
19770
19771
19772
19774
19775
19776
19777
19778
19779
19780
19781
19782
19783
19784
19785
19786
19787
19789
19790
19791
19792
19793
19794
19795
19796
19797
19798
19799
19800
19801
19802
19817
19832
40992
41020
41048
41076
41104
41131
41158
41185
41199
41200
41201
41202
41203
41204
41205
41206
41207
41208
41209
41210
41211
41212
41226
41227
41228
41229
41230
41231
41232
41233
41234
41235
41236
41237
41238
41239
41253
41254
41255
41256
41257
41258
41259
41260
41261
41262
41263
41264
41265
41266
41280
41281
41282
41283
41284
41285
41286
41287
41288
41289
41290
41291
41292
41293
41306
41307
41308
41309
41310
41311
41312
41313
41314
41315
41316
41317
41318
41319
41320
41328
41329
41330
41331
41332
41333
41334
41335
41336
41337
41338
41339
41340
41341
41342
41343
41344
41345
41346
41347
41355
41356
41357
41358
41359
41360
41361
41362
41363
41364
41365
41366
41367
41368
41369
41370
41371
41372
41373
41374
41382
41383
41384
41385
41386
41387
41388
41389
41390
41391
41392
41393
41394
41395
41396
41397
41398
41399
41400
41401
41409
41410
41411
41412
41413
41414
41415
41416
41417
41418
41419
41420
41421
41422
41423
41424
41425
41426
41427
41428
41436
41437
41438
41439
41440
41441
41442
41443
41444
41445
41446
41447
41448
41449
41450
41451
41452
41453
41454
41455
41463
41464
41465
41466
41467
41468
41469
41470
41471
41472
41473
41474
41475
41476
41477
41478
41479
41480
41481
41482
41490
41491
41492
41493
41494
41495
41496
41497
41498
41499
41500
41501
41502
41503
41504
41505
41506
41507
41508
41509
41517
41518
41519
41520
41521
41522
41523
41524
41525
41526
41527
41528
41529
41530
41531
41532
41533
41534
41535
41536
41544
41545
41546
41547
41548
41549
41550
41551
41552
41553
41554
41555
41556
41557
41558
41559
41560
41561
41562
41563
41571
41572
41573
41574
41575
41576
41577
41578
41579
41580
41581
41582
41583
41584
41585
41586
41587
41588
41589
41590
41598
41599
41600
41601
41602
41603
41604
41605
41606
41607
41608
41609
41610
41611
41612
41613
41614
41615
41616
41617
41625
41626
41627
41628
41629
41630
41631
41632
41633
41634
41635
41636
41637
41638
41639
41640
41641
41642
41643
41644
41652
41653
41654
41655
41656
41657
41658
41659
41660
41661
41662
41663
41664
41665
41666
41667
41668
41669
41670
41671
41679
41680
41681
41682
41683
41684
41685
41686
41687
41688
41689
41690
41691
41692
41693
41694
41695
41696
41697
41698
41706
41707
41708
41709
41710
41711
41712
41713
41714
41715
41716
41717
41718
41719
41720
41721
41722
41723
41724
41725
41733
41734
41735
41736
41737
41738
41739
41740
41741
41742
41743
41744
41745
41746
41747
41748
41749
41750
41751
41752
41760
41761
41762
41763
41764
41765
41766
41767
41768
41769
41770
41771
41772
41773
41774
41775
41776
41777
41778
41779
41787
41788
41789
41790
41791
41792
41793
41794
41795
41796
41797
41798
41799
41800
41801
41802
41803
41804
41805
41806
41814
41815
41816
41817
41818
41819
41820
41821
41822
41823
41824
41825
41826
41827
41828
41829
41830
41831
41832
41833
41841
41842
41843
41844
41845
41846
41847
41848
41849
41850
41851
41852
41853
41854
41855
41856
41857
41858
41859
41860
41868
41869
41870
41871
41872
41873
41874
41875
41876
41877
41878
41879
41880
41881
41882
41883
41884
41885
41886
41887
41895
41896
41897
41898
41899
41900
41901
41902
41903
41904
41905
41906
41907
41908
41909
41910
41911
41912
41913
41914
41922
41923
41924
41925
41926
41927
41928
41929
41930
41931
41932
41933
41934
41935
41936
41937
41938
41939
41940
41941
41949
41950
41951
41952
41953
41954
41955
41956
41957
41958
41959
41960
41961
41962
41963
41964
41965
41966
41967
41968
41976
41977
41978
41979
41980
41981
41982
41983
41984
41985
41986
41987
41988
41989
41990
41991
41992
41993
41994
41995
42003
42004
42005
42006
42007
42008
42009
42010
42011
42012
42013
42014
42015
42016
42017
42018
42019
42020
42021
42022
42030
42031
42032
42033
42034
42035
42036
42037
42038
42039
42040
42041
42042
42043
42044
42045
42046
42047
42048
42049
42057
42058
42059
42060
42061
42062
42063
42064
42065
42066
42067
42068
42069
42070
42071
42072
42073
42074
42075
42076
42084
42085
42086
42087
42088
42089
42090
42091
42092
42093
42094
42095
42096
42097
42098
42099
42100
42101
42102
42103
42111
42112
42113
42114
42115
42116
42117
42118
42119
42120
42121
42122
42123
42124
42125
42126
42127
42128
42129
42130
42138
42139
42140
42141
42142
42143
42144
42145
42146
42147
42148
42149
42150
42151
42152
42153
42154
42155
42156
42157
42165
42166
42167
42168
42169
42170
42171
42172
42173
42174
42175
42176
42177
42178
42179
42180
42181
42182
42183
42184
42192
42193
42194
42195
42196
42197
42198
42199
42200
42201
42202
42203
42204
42205
42206
42207
42208
42209
42210
42211
42219
42220
42221
42222
42223
42224
42225
42226
42227
42228
42229
42230
42231
42232
42233
42234
42235
42236
42237
42238
42246
42247
42248
42249
42250
42251
42252
42253
42254
42255
42256
42257
42258
42259
42260
42261
42262
42263
42264
42265
42273
42274
42275
42276
42277
42278
42279
42280
42281
42282
42283
42284
42285
42286
42287
42288
42289
42290
42291
42292
42300
42301
42302
42303
42304
42305
42306
42307
42308
42309
42310
42311
42312
42313
42314
42315
42316
42317
42318
42319
42327
42328
42329
42330
42331
42332
42333
42334
42335
42336
42337
42338
42339
42340
42341
42342
42343
42344
42345
42346
42354
42355
42356
42357
42358
42359
42360
42361
42362
42363
42364
42365
42366
42367
42368
42369
42370
42371
42372
42373
42381
42382
42383
42384
42385
42386
42387
42388
42389
42390
42391
42392
42393
42394
42395
42396
42397
42398
42399
42400
42408
42409
42410
42411
42412
42413
42414
42415
42416
42417
42418
42419
42420
42421
42422
42423
42424
42425
42426
42427
42435
42436
42437
42438
42439
42440
42441
42442
42443
42444
42445
42446
42447
42448
42449
42450
42451
42452
42453
42454
42462
42463
42464
42465
42466
42467
42468
42469
42470
42471
42472
42473
42474
42475
42476
42477
42478
42479
42480
42481
42489
42490
42491
42492
42493
42494
42495
42496
42497
42498
42499
42500
42501
42502
42503
42504
42505
42506
42507
42508
42516
42517
42518
42519
42520
42521
42522
42523
42524
42525
42526
42527
42528
42529
42530
42531
42532
42533
42534
42535
42543
42544
42545
42546
42547
42548
42549
42550
42551
42552
42553
42554
42555
42556
42557
42558
42559
42560
42561
42562
42570
42571
42572
42573
42574
42575
42576
42577
42578
42579
42580
42581
42582
42583
42584
42585
42586
42587
42588
42589
42597
42598
42599
42600
42601
42602
42603
42604
42605
42606
42607
42608
42609
42610
42611
42612
42613
42614
42615
42616
42624
42625
42626
42627
42628
42629
42630
42631
42632
42633
42634
42635
42636
42637
42638
42639
42640
42641
42642
42643
42651
42652
42653
42654
42655
42656
42657
42658
42659
42660
42661
42662
42663
42664
42665
42666
42667
42668
42669
42670
42683
42684
42685
42686
42687
42688
42689
42690
42691
42692
42693
42694
42695
42696
42697
42710
42711
42712
42713
42714
42715
42716
42717
42718
42719
42720
42721
42722
42723
42724
42737
42738
42739
42740
42741
42742
42743
42744
42745
42746
42747
42748
42749
42750
42751
42759
42760
42761
42762
42764
42765
42766
42767
42768
42769
42770
42771
42772
42773
42774
42775
42776
42777
42778
42786
42787
42788
42791
42792
42793
42794
42795
42796
42797
42798
42799
42800
42801
42802
42803
42804
42805
42813
42814
42815
42818
42819
42820
42821
42822
42823
42824
42825
42826
42827
42828
42829
42830
42831
42832
42845
42846
42847
42848
42849
42850
42851
42852
42853
42854
42855
42856
42857
42858
42859
42872
42873
42874
42875
42876
42877
42878
42879
42880
42881
42882
42883
42884
42885
42886
42899
42900
42901
42902
42903
42904
42905
42906
42907
42908
42909
42910
42911
42912
42913
42926
42927
42928
42929
42930
42931
42932
42933
42934
42935
42936
42937
42938
42939
42940
42953
42954
42955
42956
42957
42958
42959
42960
42961
42962
42963
42964
42965
42966
42967
42980
42981
42982
42983
42984
42985
42986
42987
42988
42989
42990
42991
42992
42993
42994
43007
43008
43009
43010
43011
43012
43013
43014
43015
43016
43017
43018
43019
43020
43021
43034
43035
43036
43037
43038
43039
43040
43041
43042
43043
43044
43045
43046
43047
43048
43061
43062
43063
43064
43065
43066
43067
43068
43069
43070
43071
43072
43073
43074
43075
43088
43089
43090
43091
43092
43093
43094
43095
43096
43097
43098
43099
43100
43101
43102
43115
43116
43117
43118
43119
43120
43121
43122
43123
43124
43125
43126
43127
43128
43129
43142
43143
43144
43145
43146
43147
43148
43149
43150
43151
43152
43153
43154
43155
43156
43169
43170
43171
43172
43173
43174
43175
43176
43177
43178
43179
43180
43181
43182
43183
43196
43197
43198
43199
43200
43201
43202
43203
43204
43205
43206
43207
43208
43209
43210
43223
43224
43225
43226
43227
43228
43229
43230
43231
43232
43233
43234
43235
43236
43237
43250
43251
43252
43253
43254
43255
43256
43257
43258
43259
43260
43261
43262
43263
43264
43277
43278
43279
43280
43281
43282
43283
43284
43285
43286
43287
43288
43289
43290
43291
43304
43305
43306
43307
43308
43309
43310
43311
43312
43313
43314
43315
43316
43317
43318
43331
43332
43333
43334
43335
43336
43337
43338
43339
43340
43341
43342
43343
43344
43345
43358
43359
43360
43361
43362
43363
43364
43365
43366
43367
43368
43369
43370
43371
43372
43385
43386
43387
43388
43389
43390
43391
43392
43393
43394
43395
43396
43397
43398
43399
43412
43413
43414
43415
43416
43417
43418
43419
43420
43421
43422
43423
43424
43425
43426
43439
43440
43441
43442
43443
43444
43445
43446
43447
43448
43449
43450
43451
43452
43453
43466
43467
43468
43469
43470
43471
43472
43473
43474
43475
43476
43477
43478
43479
43480
43493
43494
43495
43496
43497
43498
43499
43500
43501
43502
43503
43504
43505
43506
43507
43520
43521
43522
43523
43524
43525
43526
43527
43528
43529
43530
43531
43532
43533
43534
43547
43548
43549
43550
43551
43552
43553
43554
43555
43556
43557
43558
43559
43560
43561
43574
43575
43576
43577
43578
43579
43580
43581
43582
43583
43584
43585
43586
43587
43588
43601
43602
43603
43604
43605
43606
43607
43608
43609
43610
43611
43612
43613
43614
43615
43628
43629
43630
43631
43632
43633
43634
43635
43636
43637
43638
43639
43640
43641
43642
43655
43656
43657
43658
43659
43660
43661
43662
43663
43664
43665
43666
43667
43668
43669
43682
43683
43684
43685
43686
43687
43688
43689
43690
43691
43692
43693
43694
43695
43696
43709
43710
43711
43712
43713
43714
43715
43716
43717
43718
43719
43720
43721
43722
43723
43736
43737
43738
43739
43740
43741
43742
43743
43744
43745
43746
43747
43748
43749
43750
43763
43764
43765
43766
43767
43768
43769
43770
43771
43772
43773
43774
43775
43776
43777
43790
43791
43792
43793
43794
43795
43796
43797
43798
43799
43800
43801
43802
43803
43804
43817
43818
43819
43820
43821
43822
43823
43824
43825
43826
43827
43828
43829
43830
43831
43844
43845
43846
43847
43848
43849
43850
43851
43852
43853
43854
43855
43856
43857
43858
43871
43872
43873
43874
43875
43876
43877
43878
43879
43880
43881
43882
43883
43884
43885
43898
43899
43900
43901
43902
43903
43904
43905
43906
43907
43908
43909
43910
43911
43912
43926
43927
43928
43929
43930
43931
43932
43933
43934
43935
43936
43937
43938
43939
43953
43954
43955
43956
43957
43958
43959
43960
43961
43962
43963
43964
43965
43966
43993
44021
44049
44077
44105
44133
44750
44751
44752
44753
44754
44755
44763
44764
44765
44766
44767
44768
44776
44777
44778
44779
44780
44781
44789
44790
44791
44792
44793
44794
44802
44803
44804
44805
44806
44807
44815
44816
44817
44818
44819
44820
44828
44829
44830
44831
44832
44833
44841
44842
44843
44844
44845
44846
44854
44855
44856
44857
44858
44859
44867
44868
44869
44870
44871
44872
44880
44881
44882
44883
44884
44885
44893
44894
44895
44896
44897
44898
44906
44907
44908
44909
44910
44911
44919
44920
44921
44922
44923
44924
44932
44933
44934
44935
44936
44937
44945
44946
44947
44948
44949
44950
44958
44959
44960
44961
44962
44963
44971
44972
44973
44974
44975
44976
44984
44985
44986
44987
44988
44989
44997
44998
44999
45000
45001
45002
45010
45011
45012
45013
45014
45015
45023
45024
45025
45026
45027
45028
45036
45037
45038
45039
45040
45041
45049
45050
45051
45052
45053
45054
45062
45063
45064
45065
45066
45067
45075
45076
45077
45078
45079
45080
45088
45089
45090
45091
45092
45093
45101
45102
45103
45104
45105
45106
45114
45115
45116
45117
45118
45119
45127
45128
45129
45130
45131
45132
45140
45141
45142
45143
45144
45145
45153
45154
45155
45156
45157
45158
45166
45167
45168
45169
45170
45171
45179
45180
45181
45182
45183
45184
45192
45193
45194
45195
45196
45197
45205
45206
45207
45208
45209
45210
45218
45219
45220
45221
45222
45223
45231
45232
45233
45234
45235
45236
45244
45245
45246
45247
45248
45249
45257
45258
45259
45260
45261
45262
45270
45271
45272
45273
45274
45275
45283
45284
45285
45286
45287
45288
45296
45297
45298
45299
45300
45301
45309
45310
45311
45312
45313
45314
45322
45323
45324
45325
45326
45327
45335
45336
45337
45338
45339
45340
45348
45349
45350
45351
45352
45353
45361
45362
45363
45364
45365
45366
45374
45375
45376
45377
45378
45379
45387
45388
45389
45390
45391
45392
45439
45440
45441
45442
45452
45453
45454
45455
45465
45466
45467
45468
46612
46613
46614
46615
46616
46623
46624
46625
46626
46627
46628
46630
46631
46632
46633
46634
46641
46642
46643
46644
46645
46646
46648
46649
46650
46651
46652
46659
46660
46661
46662
46663
46664
46666
46667
46668
46669
46670
46677
46678
46679
46680
46681
46682
46684
46685
46686
46687
46688
46695
46696
46697
46698
46699
46700
46702
46703
46704
46705
46706
46713
46714
46715
46716
46717
46718
46720
46721
46722
46723
46724
46731
46732
46733
46734
46735
46736
46738
46739
46740
46741
46742
46749
46750
46751
46752
46753
46754
46756
46757
46758
46759
46760
46767
46768
46769
46770
46771
46772
46774
46775
46776
46777
46778
46785
46786
46787
46788
46789
46790
46792
46793
46794
46795
46796
46803
46804
46805
46806
46807
46808
46810
46811
46812
46813
46814
46821
46822
46823
46824
46825
46826
46828
46829
46830
46831
46832
46839
46840
46841
46842
46843
46844
46846
46847
46848
46849
46850
46857
46858
46859
46860
46861
46862
46864
46865
46866
46867
46868
46875
46876
46877
46878
46879
46880
46882
46883
46884
46885
46886
46893
46894
46895
46896
46897
46898
46900
46901
46902
46903
46904
46911
46912
46913
46914
46915
46916
46918
46919
46920
46921
46922
46929
46930
46931
46932
46933
46934
46936
46937
46938
46939
46940
46947
46948
46949
46950
46951
46952
46954
46955
46956
46957
46958
46965
46966
46967
46968
46969
46970
46972
46973
46974
46975
46976
46983
46984
46985
46986
46987
46988
46990
46991
46992
46993
46994
47001
47002
47003
47004
47005
47006
47008
47009
47010
47011
47012
47019
47020
47021
47022
47023
47024
47026
47027
47028
47029
47030
47037
47038
47039
47040
47041
47042
47044
47045
47046
47047
47048
47055
47056
47057
47058
47059
47060
47062
47063
47064
47065
47066
47073
47074
47075
47076
47077
47078
47080
47081
47082
47083
47084
47091
47092
47093
47094
47095
47096
47098
47099
47100
47101
47102
47109
47110
47111
47112
47113
47114
47116
47117
47118
47119
47120
47127
47128
47129
47130
47131
47132
47134
47135
47136
47137
47138
47145
47146
47147
47148
47149
47150
47152
47153
47154
47155
47156
47163
47164
47165
47166
47167
47168
47170
47171
47172
47173
47174
47181
47182
47183
47184
47185
47186
47188
47189
47190
47191
47192
47199
47200
47201
47202
47203
47204
47206
47207
47208
47209
47210
47217
47218
47219
47220
47221
47222
47224
47225
47226
47227
47228
47235
47236
47237
47238
47239
47240
47242
47243
47244
47245
47246
47253
47254
47255
47256
47257
47258
47260
47261
47262
47263
47264
47271
47272
47273
47274
47275
47276
47278
47279
47280
47281
47282
47289
47290
47291
47292
47293
47294
47296
47297
47298
47299
47300
47307
47308
47309
47310
47311
47312
47314
47315
47316
47317
47318
47325
47326
47327
47328
47329
47330
47332
47333
47334
47335
47336
47343
47344
47345
47346
47347
47348
47350
47351
47352
47353
47354
47361
47362
47363
47364
47365
47366
47368
47369
47370
47371
47372
47379
47380
47381
47382
47383
47384
47386
47387
47388
47389
47390
47397
47398
47399
47400
47401
47402
47404
47405
47406
47407
47408
47415
47416
47417
47418
47419
47420
47422
47423
47424
47425
47426
47433
47434
47435
47436
47437
47438
47440
47441
47442
47443
47444
47451
47452
47453
47454
47455
47456
47458
47459
47460
47461
47462
47469
47470
47471
47472
47473
47474
47476
47477
47478
47479
47480
47487
47488
47489
47490
47491
47492
47494
47495
47496
47497
47498
47505
47506
47507
47508
47509
47510
47523
47524
47525
47526
47527
47528
47541
47542
47543
47544
47545
47546
47559
47560
47561
47562
47563
47564
47566
47567
47568
47577
47578
47579
47580
47581
47582
47584
47585
47586
47595
47596
47597
47598
47599
47600
47602
47603
47604
47613
47614
47615
47616
47617
47618
49109
49110
49111
49112
49113
49114
49122
49123
49124
49125
49126
49127
49128
49129
49130
49131
49132
49133
49141
49142
49143
49144
49145
49146
49147
49148
49149
49150
49151
)


// ************************************************************************* //
