/*--------------------------------*- C++ -*----------------------------------*\
| =========                 |                                                 |
| \\      /  F ield         | OpenFOAM: The Open Source CFD Toolbox           |
|  \\    /   O peration     | Version:  v2012                                 |
|   \\  /    A nd           | Website:  www.openfoam.com                      |
|    \\/     M anipulation  |                                                 |
\*---------------------------------------------------------------------------*/
FoamFile
{
    version     2.0;
    format      binary;
    class       faceSet;
    arch        "LSB;label=32;scalar=64";
    location    "constant/polyMesh/sets";
    object      concaveFaces;
}
// * * * * * * * * * * * * * * * * * * * * * * * * * * * * * * * * * * * * * //


826
(
720899
1835026
1769528
1835068
1933383
1933386
720971
1802368
1868020
721143
2752855
2589053
721348
1868235
2654676
2752994
2654728
2753101
2753122
1835740
1803035
1770365
1868708
1868734
1868742
1836113
2655367
1836176
2655393
1770667
1770670
2655416
1934536
656617
1770836
1770871
1869216
1869219
1902002
1803731
1836604
1771181
1869499
657094
1705704
722758
722769
1804153
657276
1869851
1869879
1837141
1738853
1738860
1771638
1738873
1738874
1869950
1837186
1869959
1869968
1837215
1837224
2099390
2099393
2263391
2263395
2918797
723384
723385
1870281
723407
723533
1837649
1837657
1935979
1837686
1772164
1641112
723627
1772277
723756
1837872
1870645
1772413
2689940
2689950
1870783
1870825
1870839
1870840
1772552
2690057
1870870
1936432
1870901
2985044
2985127
2657487
2657502
1838318
724210
724217
2690313
1772810
724242
1838362
2690346
724274
724278
724285
1838417
1772885
2690443
1838477
2690453
1772956
2985374
1772990
2690507
3018206
2985444
1838584
1838585
3018277
1838653
1871441
1871457
1871483
1773330
1773332
1871682
1871693
1839053
1839176
1806428
1773824
2658591
1806682
1774061
1774063
1839617
1774090
1806890
1774150
2658924
1774239
1839816
1839821
1839841
2659081
1807127
1872738
1872754
1905702
1774648
1643601
2692274
1775033
1873361
660958
2659844
1840784
1840790
1873599
1873603
1808129
1840912
661333
1906583
1775532
1775554
727005
1775595
2660410
2660419
2660457
1677428
2693468
1776090
1874531
2661057
1874639
1612507
2628319
2628320
1841919
1612543
1841952
2661216
1907617
1809388
1874934
1874952
1842223
1743979
2694259
1842301
2694277
1809546
2661537
1776939
1777012
2301384
2301388
1580532
1777157
1810102
1744576
1744582
1842949
1875759
2694963
1842997
1843002
1843007
1843017
1875811
1875857
1810448
2924591
2924599
2924621
1909030
1843499
1876403
1909177
1876428
1876434
2925092
1811037
2695778
1909382
2925257
2204390
2925305
1811228
2925374
1811265
1811267
2728880
2761662
2925566
697349
697359
1746006
1844489
1844542
1844553
1779023
2696559
1877376
697732
1746317
1746323
1877415
1779112
1877422
1811958
1811964
1746455
2532904
1779317
1746896
2697174
1845208
1845347
1878317
1812911
2927056
1780210
1747478
1845792
1878663
1878667
1878703
1878715
2697960
1747761
1846223
2436058
2927582
1748003
1748010
1846522
1846546
2698657
1912320
1814043
1814052
1814064
2731569
1879608
1879611
1814080
1879629
1879650
1814118
1748657
1781454
1781505
1814329
2699140
667541
1847196
1879972
2699222
1749043
1749056
1781910
1781947
1781991
1847610
1847619
1880395
1847630
1847640
1913193
1814911
1782177
1782218
1782222
1880567
1782266
1782289
1782293
1552922
2700032
1815347
1815356
1749823
1848154
1553252
1848167
1848192
1848226
2700225
1782859
1815700
1782949
1783032
2504013
2504016
1652177
1848796
1750503
1848817
1881670
1750733
2373355
2373359
1881922
2701149
2701152
2701160
2701188
2701194
2701211
1849299
1849327
1783800
1849337
1882250
1882322
1751285
1849591
1849599
1751347
1882454
1882462
1882469
1816942
2701779
2701801
1587723
1751579
2701913
637531
2701919
1882734
2701940
703114
703117
1784529
1882921
1817491
1850321
1850402
1785030
1752291
1883468
1883477
1883736
1883753
1752687
1851039
1883951
2801564
1753061
1884331
1884351
1884385
1753320
2769208
2769237
3031486
1851859
1884628
1851891
1851940
1786405
1753795
1852131
1852154
1721160
1721198
1721199
1721207
1885098
1852367
1852404
1852414
1688655
1885326
1918097
1885330
1754315
2802905
2933978
2737579
2737616
2737623
1885710
1853004
1787490
1787501
1820275
1918715
1853278
1853298
1853326
1853332
1820664
1820699
1820700
1820712
1886307
2738310
1886401
1755337
1886450
1886456
1886480
1788297
1853971
1919601
1919623
2738833
2738838
2706177
1854210
1854241
1821482
1887030
1887074
1919861
1887096
1887102
1887193
2739416
1821913
2936059
2542848
2936069
1920279
2739530
3001884
2149943
2149947
1789569
2772610
1789580
2150077
2150080
1855236
1855272
1920843
1855307
1920863
1855517
1855540
2150560
2150562
2740415
2740425
1757401
1757406
1757494
1823047
2576786
2937255
2740666
2937368
2937373
2740778
1790608
1823450
1758020
1823566
1823567
1790865
1921951
1856548
1856558
2937905
1856583
1856601
1856624
1791113
1856687
709886
2938112
709888
1856796
1758611
1758616
1922513
1627706
1857083
1857172
1857211
1759003
1824561
1857412
1922967
1824803
1661120
2939218
2742639
2939267
1890725
678327
678329
2677182
678335
678336
1858160
1858203
1759903
1858267
1858346
2055060
2055072
2055077
1760181
1825809
1825813
1793074
1793085
1825856
1825877
1858650
1858676
1858720
1858757
1858782
1826065
2907617
1859048
1859056
1760753
1760766
1859087
1760849
2678410
1826542
1826543
1924893
2744097
2678611
2482033
2744195
2088853
2088856
1826730
3006535
1859671
1826925
3006579
1826932
3006592
3006601
3006616
3006648
2547934
3006688
2679039
1859919
1794409
1761647
1859954
1794509
1761825
1827394
1827463
2679461
1761967
1761998
1762030
2679628
1926082
1860590
1860597
1860625
1860631
2745384
2679859
2745423
2745683
2745688
1893850
1762802
1828373
1861215
1861267
1762965
2680626
1697604
1861518
1861543
2680778
3008722
3008724
1861851
1894720
1763764
1829383
1862263
1862269
1927834
2747351
1829856
2747381
2747398
1862670
2747425
2747589
2747596
2747600
2747634
1862993
2780498
1830242
1863018
2911642
2682270
1895839
2747831
2747850
2747866
2747876
1928680
2780676
1895977
1830512
1830527
1830530
1928920
2911980
2780915
2780922
2912117
1666935
1765296
2912183
2912193
2781196
1765418
1831117
1831131
1863924
2912596
2683252
2683266
1798595
1864346
2781909
1766112
2749229
2749238
2749256
1897453
1864737
2683972
2749585
2127030
2127032
2749649
1864914
1864977
2782501
1832230
1832249
2749758
1832273
1832300
2749809
1766810
2782698
1832438
1832441
1897989
1930804
718395
718396
718437
2782837
718467
718468
718484
2586262
1865423
1865432
718557
718615
1767215
1767272
1931127
1931135
718726
718733
1734562
1767347
1832906
1865688
1832924
1865704
1832950
1570815
1832978
1833003
1833032
1833050
1833059
718956
718958
1767674
719164
1833300
719205
719209
1800569
1833365
1833368
2685350
1866200
1866240
1866247
2390544
2390548
1767961
1800747
719416
719418
719425
1833576
1768040
1768143
719585
1866499
2751295
719681
2751312
1801049
2751331
2030536
1899493
719875
1801319
1801325
1768621
720062
1768670
1801465
2686229
2686265
2686278
2686283
1867101
2686319
720246
1867138
1867170
2784683
1768887
1834449
720347
1834474
1834486
720379
1932865
720491
1801837
720508
1834626
1834631
1834693
720608
720613
1834737
2785017
720656
720672
655139
720686
720716
720717
720732
1867723
720847
1867736
720872
1867759
1867762
720882
720883
)


// ************************************************************************* //
