/*--------------------------------*- C++ -*----------------------------------*\
| =========                 |                                                 |
| \\      /  F ield         | OpenFOAM: The Open Source CFD Toolbox           |
|  \\    /   O peration     | Version:  v2012                                 |
|   \\  /    A nd           | Website:  www.openfoam.com                      |
|    \\/     M anipulation  |                                                 |
\*---------------------------------------------------------------------------*/
FoamFile
{
    version     2.0;
    format      binary;
    class       faceSet;
    arch        "LSB;label=32;scalar=64";
    location    "constant/polyMesh/sets";
    object      warpedFaces;
}
// * * * * * * * * * * * * * * * * * * * * * * * * * * * * * * * * * * * * * //


233
(
2687090
2687123
2687133
1933470
2687138
2687142
2687166
2752709
2687176
2752737
2654647
2654749
2753067
2753209
1901783
1770836
1770870
1869206
2655663
1869520
1935184
2066323
1771740
1804672
1771910
1772133
1837844
1870626
1870662
1870666
2689914
1805178
2690001
1772523
2690029
1870880
2690306
2657591
1773228
1773376
1871687
1839061
1905057
2658788
2691678
2659583
1906021
1906063
2692734
2660211
1873792
2660227
2758557
2660342
1906782
1939657
1808628
2693475
2693501
1841936
2759479
1875434
1941049
1777355
1777375
2760550
1908594
2662278
1843131
2662555
1843491
1810805
2695542
2695554
1876370
2695652
2695661
2695664
2695935
2695966
2696027
2696088
1812086
1845363
2697590
2927485
1814065
1748772
1847192
1847211
1847215
2699328
2699332
1912962
1912979
1782343
2699878
2699887
1880938
1881158
1815707
2700615
1750651
2766601
1881889
2766909
1751582
2701892
1851013
1883988
1851523
1851561
2769227
3031480
1884600
1851910
1885072
1819777
1819781
1787154
2770233
2770237
2770361
2770368
1754814
1918713
1787852
1787861
1886304
1886341
1886342
1853803
1821178
2771676
1592074
2771765
1920255
1822058
1822251
1756737
1887864
1855527
1921076
1921079
1921272
2740569
2740624
1856191
1823445
1823459
1823617
2675900
1824195
1824214
1627612
2741990
2938839
2676964
1923492
1923508
1792500
2939449
1759846
1825385
1825404
1924326
1924334
1924599
1859162
1859166
1761090
2678712
1859588
3006546
2678886
1826919
1761411
3006661
2679187
1925599
1860128
1827410
1827415
1860214
1827456
2744970
2744974
1761964
1926293
1827990
1827995
2745602
2909656
2680573
2680575
2746154
1796208
1796211
1861802
1861861
2746721
2681326
1927837
1927867
2681794
1895381
2682408
2780762
1863501
1896361
2912430
1831089
1930176
2684540
1668956
2783247
1505939
1833638
2751210
1932140
2751344
2751504
2751513
2686076
1866897
2686114
2686126
1866931
2686150
1769015
1769176
1900398
1867686
)


// ************************************************************************* //
