/*--------------------------------*- C++ -*----------------------------------*\
| =========                 |                                                 |
| \\      /  F ield         | OpenFOAM: The Open Source CFD Toolbox           |
|  \\    /   O peration     | Version:  v2012                                 |
|   \\  /    A nd           | Website:  www.openfoam.com                      |
|    \\/     M anipulation  |                                                 |
\*---------------------------------------------------------------------------*/
FoamFile
{
    version     2.0;
    format      binary;
    class       cellSet;
    arch        "LSB;label=32;scalar=64";
    location    "constant/polyMesh/sets";
    object      concaveCells;
}
// * * * * * * * * * * * * * * * * * * * * * * * * * * * * * * * * * * * * * //


5032
(
122880
122881
122883
122885
114694
114696
16396
16401
16402
16412
16413
114719
81956
81963
8235
122924
122925
8242
114739
114740
98356
98358
122936
114744
98360
56
98361
57
122938
58
59
122940
114753
114756
68
122949
122950
114758
122951
122953
114762
114766
78
86
122984
16493
82032
16497
114802
16498
122996
8308
114805
122998
114807
98426
8314
8315
98428
98430
82046
98431
82047
127
134
123015
123017
123019
123021
123032
123034
114845
157
114846
123039
114848
114850
171
16560
123057
177
16562
123059
8375
8378
186
8380
123069
8382
114880
114881
98497
82114
114883
114884
196
123078
98502
82119
123080
114898
211
147668
114900
212
114902
147673
114921
114923
16627
114932
114936
16633
8441
114938
8444
8448
114949
98569
98571
98573
98574
82191
82193
82197
294
114983
295
300
305
307
308
115009
115010
115013
115015
155976
155977
98637
115023
115024
98640
115028
98644
115031
82264
16730
82271
16735
115041
354
115043
16739
355
16742
16744
8556
8557
8562
115059
8563
147828
115061
115063
8568
156025
115065
8570
8571
156028
147836
156030
382
156031
388
115083
115089
115091
98711
413
414
82339
82344
429
430
147889
115122
147891
147892
115124
115125
156088
156091
16827
156093
156094
16833
115138
115139
16835
115141
106953
106955
106957
8658
115157
8661
8663
471
115161
8665
131547
98780
476
131549
477
478
98783
98786
106979
106986
106988
82413
106990
82420
106997
106999
107001
156158
107007
107008
156161
107010
156163
16899
156164
107012
16901
16903
16905
524
525
107023
107025
107027
98851
552
553
107052
107054
107056
8760
8765
573
8766
82497
107074
107076
8772
156229
8773
581
107078
8776
107081
16969
8777
107083
156236
107085
16975
107092
107095
107097
107100
107102
107104
107107
98924
622
107121
98929
625
107123
629
107126
156289
107138
107139
82563
107141
82566
156295
107143
82570
17034
652
17037
17041
8858
666
107164
107167
8864
107169
156322
156323
107171
107176
681
682
107184
107186
98994
98998
148151
98999
148152
148153
697
698
156348
156350
107204
107207
107209
713
107212
17100
721
17106
82643
156376
156377
82650
107229
8926
107231
107234
156407
99064
760
99067
766
107276
789
107286
107288
107290
82718
107295
82720
107297
803
82724
107305
107307
107309
818
107323
17211
17212
17216
833
107330
834
107332
17221
17223
17224
107338
9035
156492
9036
107341
156494
107343
156496
9040
156497
107345
9041
9045
9047
9048
107364
107365
107367
82796
99183
82799
99184
82803
140157
107389
140158
140159
140160
107392
140161
140162
107394
140163
140164
140165
140166
140167
140168
107400
140169
140170
107402
140171
140172
107404
140173
909
140174
156561
156562
914
915
156566
918
921
923
17310
17312
107425
107427
17316
107429
9133
99248
9136
9138
99251
9139
9140
99253
99254
82873
132031
132032
132037
156617
969
970
997
1021
1022
1023
1024
17409
17414
17415
9225
17419
9228
156686
156688
17424
9232
17425
156690
99346
17426
156691
1044
1045
1069
82990
1070
82991
82993
1085
1086
99392
99395
99398
156757
9302
156759
156761
156762
17506
17509
1125
17513
1132
1133
140403
99464
83081
140426
99467
99470
83087
156817
156820
140436
156824
17560
140441
1177
1178
17579
156848
156850
156851
1205
1206
9403
9408
9413
9415
9416
1226
156881
83154
1234
83157
83158
99543
99544
140530
1272
1275
91389
1279
156928
156930
140555
1302
9495
99609
17690
156955
140572
156957
140573
99613
156958
99614
9502
83233
1316
1329
156983
140602
140603
17744
140626
1370
34143
34145
1377
34147
99686
34150
99687
83303
34152
34155
83309
1400
9597
17794
9602
9603
83334
9607
9612
9613
1421
157082
140710
99750
140712
99754
99755
157109
17845
157110
1462
157112
1465
157114
140732
1468
1469
34245
17861
34247
34248
34250
157132
83405
83407
83411
1492
157141
157143
157145
157147
17888
157154
17890
9702
157162
9706
9707
157164
99820
1520
1521
157175
34295
34297
17913
34299
34308
34310
34312
34314
34318
83479
83480
34337
140834
34339
17969
34354
99891
34356
34357
17973
34359
17975
17976
17978
9787
9791
1603
1604
1609
1613
1614
17999
1615
1616
99937
83554
83557
99943
99944
34411
34413
34428
9852
34430
9854
1662
1663
34432
83585
34434
9858
9859
18056
157336
1697
100007
18088
34473
157356
100012
34477
100014
34479
34481
34483
157365
157367
83639
83640
157369
83641
157371
83643
83644
157385
1738
1741
149199
1743
149200
149201
1745
34515
157396
9940
9945
9946
157404
157406
157407
157410
34530
34532
34533
34535
34536
18152
1768
34538
18155
157424
34550
157434
1789
34558
34560
157441
34568
34570
34571
34574
157455
100111
83730
83733
10008
83737
157469
10013
10014
157476
1828
34604
34606
34608
100155
100158
18241
1858
59223
1879
59224
59225
10078
10080
10084
141158
18284
18285
18287
83824
83827
18291
1917
34687
1920
100225
34689
34690
100228
34692
1924
100231
34709
34711
34713
1947
34726
34728
34729
18345
34732
141235
1975
1976
83897
18364
100299
10187
10188
10191
34768
10192
34770
34771
10195
34773
10197
141270
10198
59352
59353
59354
34800
34802
34811
34813
34815
18432
2051
18436
83974
2054
2057
2060
83981
34831
2063
100368
34833
2065
100371
100373
100374
10283
10286
18480
10290
18485
34870
18487
34872
2111
2112
34887
34889
34890
34892
18510
84050
84053
100440
84057
100443
100445
100446
2146
34923
34925
10356
10360
125052
18560
2184
34953
2187
2191
26773
26777
26778
26780
100509
26781
34974
26783
100512
84129
157860
84132
157862
2214
34983
84137
34985
34986
34988
26798
157871
26800
157873
125105
26802
157875
10422
157881
26809
10426
157883
26811
10427
2235
35004
26813
35006
35007
26815
35009
26817
157891
157893
18629
157894
157896
26828
35021
26829
26831
26841
26842
35036
35038
157919
35039
157921
35041
157922
35043
2275
157925
35045
26854
26855
26857
2281
26859
125164
84204
35054
84207
35056
100594
84211
10485
157943
10488
157945
26873
26875
10492
26877
2304
157955
26884
157959
26888
157961
26890
26892
35088
35090
35091
35093
2332
2333
26913
26916
26918
125223
26920
26922
26924
26926
26928
26929
26931
35124
35126
84279
26935
35128
10552
158010
10554
26939
10556
10557
84286
35137
35139
35141
35143
100681
158027
158029
26957
158031
26959
26961
76115
76116
26968
26970
26972
26974
18782
26976
18784
26978
26980
26981
26983
158056
158059
2412
158061
2413
35182
35184
26995
2419
26997
35190
26999
2423
27001
2425
2426
100733
18813
158078
18815
158080
27009
158082
27011
27013
27015
18831
27024
18833
35218
27027
76180
27028
84376
18842
100763
84379
76187
100764
76188
84383
18848
10656
35234
10663
2472
2473
27051
158125
27053
10669
10670
158127
27055
27057
27059
27060
76213
27064
27066
27068
18877
27070
27071
18879
27073
27075
76229
27077
27079
35273
27081
35275
27083
35277
76239
35279
35280
100817
35282
2514
125395
100819
2515
27093
76247
27096
27097
27099
27101
109023
27103
109024
27105
27106
27108
84454
27110
27111
27115
84461
27118
109039
109040
27122
27125
141817
141819
2555
141821
27134
141823
109055
35327
141824
109056
27136
2560
35329
27137
2561
2562
35331
27140
76293
27141
27142
10759
27144
35337
27146
76299
35339
109069
35344
100882
35346
100884
100886
27160
27162
27164
35358
35360
76323
35368
35370
27178
100907
35371
27180
35373
27182
84528
2608
76337
27185
2609
18994
27187
27189
84534
76343
109112
109114
109116
109117
76359
76367
84560
27216
35410
27219
2643
35412
109141
35413
27221
35415
27223
27225
19036
35432
10856
10857
109162
35434
35436
10860
10865
27250
27252
10869
27254
10870
117369
35449
141947
35451
2683
141949
117373
76414
141951
117375
27263
141952
141953
76417
2690
141955
27267
141957
76422
19078
117384
19080
117386
117388
27277
117391
27279
27281
109203
27283
117396
109207
141976
109208
141977
84633
2713
84634
141979
141980
84636
141981
27293
141982
76446
27295
84641
27297
117412
117414
117416
76460
35501
2734
35503
27311
109232
35505
27313
117426
35507
27315
27317
27320
76475
76476
35516
35518
27326
35520
27328
27330
109253
117447
10951
35528
76489
27339
27341
10957
27343
117460
117462
117463
2777
117466
101084
27357
2782
27359
2784
27361
35556
27364
117477
35557
27366
35559
35560
27368
117481
35562
27370
101100
27372
117485
27373
117487
109295
27375
109297
27377
84722
109299
27379
109300
84725
2807
35576
27384
84729
117498
27386
27388
101117
27390
117503
101119
101121
35585
35587
117508
101125
76549
35589
101126
76550
27398
35591
101128
27400
27402
19210
11018
117516
109324
101132
27404
27406
19214
117519
27408
117521
84753
11025
27410
2835
84756
2836
84759
84762
101148
117533
84765
35613
27421
19229
84766
117535
76575
35615
27423
19231
84768
109345
84769
35617
27425
35619
84772
84773
84775
27431
117544
84776
27433
117546
117547
84779
27436
117550
84782
84783
27440
27444
84789
27445
101174
76598
117559
27447
101176
117561
27449
117563
101179
27451
117566
76606
35649
117571
35651
27459
84804
35653
27461
27463
84808
27465
109389
84815
109392
84817
117586
84819
109396
84821
117590
101206
101207
27480
101209
27482
19290
84828
27484
19292
84829
101215
84832
101217
84833
101218
27490
19298
101220
27492
117605
27494
76650
2922
2923
109420
76652
84847
76656
27504
2928
101233
84849
2929
84850
27506
101235
27507
11124
125813
101237
84853
27509
84854
2934
27511
11127
84856
2936
84857
2937
27514
27515
84860
84861
27517
11134
84863
35711
84864
11136
109441
35713
11137
35714
101251
84867
117636
84868
35716
101253
117638
84870
101255
84871
117640
76680
60296
60297
84874
60298
84875
27532
84877
84878
27534
27536
84881
84882
27538
35732
76694
35734
35735
35737
84891
19355
84892
84895
27551
117664
84896
27553
117666
27555
117668
76709
76710
27558
2982
84903
2983
109481
84905
27561
84907
27563
109484
84909
35761
101299
27572
117685
101301
76725
35765
27574
117687
101303
84919
117689
101305
84921
27577
101306
84923
84925
76733
19391
19393
117699
117700
117702
27590
117703
109511
27592
150473
35785
3017
150474
27594
84939
35787
35788
84941
27597
35790
27599
117712
35792
27601
117714
35794
117715
101332
11220
117717
84949
109526
101334
84951
19415
11223
109528
150489
84953
150490
142298
27610
84955
27611
11227
109532
27612
11228
142302
109534
117727
109536
117729
84962
109539
84964
27620
19429
109542
84966
27622
27623
142312
150505
142313
125929
27625
150506
125930
76778
142315
101355
27627
101357
84973
27629
3054
84975
35823
84976
76785
35825
35826
84979
84980
35828
27636
117749
27638
3062
150519
117751
117752
101371
27643
101373
27645
101374
101376
27648
27649
117763
117765
117767
76809
27660
3085
27662
85007
85008
27664
101393
85010
27666
85011
109588
117781
27669
85014
85015
76823
27671
35864
109593
85017
27675
85021
27677
85022
27679
150560
85024
85025
27681
85028
76836
19492
85029
35877
150566
19494
150567
35879
117800
85033
35881
3113
117802
3114
85035
27691
158764
101421
85037
27693
11310
85039
27696
117810
117812
35892
11316
117814
35894
85047
117816
35896
85050
101436
85053
27709
19517
101438
150591
85055
19519
101440
85056
101443
27716
117830
27718
101447
27719
27722
117838
85070
117840
85072
35920
117842
85074
35922
27730
117843
76883
27731
158804
150612
85076
35924
76885
27733
158807
85079
27735
85080
76889
85083
117853
85085
27741
109662
85086
117855
109663
109666
35941
35942
142439
142440
35944
142441
19563
117868
85100
19565
117870
117872
35952
27760
142449
76913
142450
85106
27762
19570
85107
3187
11380
27765
11382
27767
101496
3192
117881
85113
3193
117882
101498
85114
19578
11386
117883
27771
150652
101500
19580
117885
27773
19582
3199
85120
3200
158849
85121
19585
101506
3203
101508
3204
76934
101511
85127
85128
85132
85134
19598
85135
35985
19602
35987
19604
19605
27798
19607
19608
150682
19610
85148
85149
27805
19613
27807
19615
142496
109728
85153
27809
19617
109731
85156
27812
101541
85157
109735
27815
101545
27817
101547
85163
85164
158893
101549
85165
19630
150703
117936
19632
3248
117937
3249
19634
117939
85171
101556
19636
117941
101558
85174
76982
19638
85175
27831
101560
19640
76985
27834
85179
27836
19644
76990
101568
101569
85189
36038
85191
36040
85193
36042
19658
19660
85197
19662
117967
27856
117969
27858
19666
36051
27860
158933
85205
36053
77014
36054
19670
158935
142551
85207
150744
36056
19672
85209
117978
3290
85211
27867
3291
150748
150749
27869
117983
27871
142560
117985
85217
142562
85218
142563
11492
142565
11493
142566
109798
27878
142567
36072
27880
11497
36074
27882
117995
77035
36075
109804
117997
36077
27885
117999
27887
19695
11504
118001
27889
11505
85235
150773
101622
27899
101629
27901
19709
101631
27903
118016
19712
85249
19714
85251
158981
85253
3334
85255
85256
85257
150794
85258
101643
36107
19723
27916
101645
36109
19725
3341
36110
27918
3342
101647
85263
19727
85264
85265
36113
27922
19730
142611
142612
27924
19732
85269
101654
85270
36118
27926
19734
101656
36120
27928
19736
101658
77082
19738
118044
118046
77086
19742
118048
19744
36129
118050
19746
19748
101669
85285
36133
85287
101672
85289
101674
85291
101676
126253
85293
19757
109870
101678
27950
19759
101680
27952
27954
159027
109875
19763
109876
101684
150838
77110
19767
3386
3387
150845
85310
118080
85312
27968
19777
118082
85314
27970
11586
36163
19779
118084
85316
27972
36165
19781
11589
36166
85320
36168
19785
11593
85322
77131
19787
85324
118094
85326
118097
118099
150868
85335
85337
159067
85339
118108
159069
85341
3421
118110
85342
36190
85343
19807
118112
28001
28003
19811
28005
19813
36199
19815
150889
118121
36201
118122
85354
36203
85356
118125
85358
118127
85360
19824
36209
109939
36211
19827
85365
109943
85367
28023
19832
109945
85369
77177
28025
118138
19834
85371
77179
19836
19838
77183
19839
36227
85381
36229
118150
19846
36231
159112
3464
118153
19849
159114
118155
19851
3467
19853
28046
19855
150928
28048
3472
85393
19857
19858
150931
109971
85395
28051
118164
19860
150933
109973
85397
28053
118166
150935
85399
77207
28055
118168
109977
19865
28058
36251
19867
36252
28060
28062
109985
85409
36258
85411
85412
36260
19877
11686
109991
3495
85416
85417
109995
11691
77228
19884
11692
150958
28079
19888
11696
118193
28081
19890
36276
19892
159157
28085
36278
28086
11702
11703
36280
28088
85433
36289
28098
85443
3523
85444
36292
3524
85445
36294
19910
85450
19914
85451
118220
36300
28108
118222
36302
118225
85458
28115
28117
36310
28119
36312
118233
36313
118235
36315
159196
118236
118238
159199
85471
118240
85473
19943
151016
77288
28136
19945
85482
19946
3562
36331
85484
19948
151021
36333
3565
151022
85486
28143
3567
85488
28145
3569
28148
118261
28150
85496
85497
28153
85498
28155
85504
85505
118276
28164
85509
36357
19973
118278
28166
36359
19975
118280
28168
36361
11788
11790
85519
11792
118289
85521
28177
11794
118291
11795
118293
28181
118295
77335
85530
85532
3612
3613
85534
118304
85536
85537
118306
110114
28194
118308
85540
28196
110117
85543
20007
85544
85545
20009
28202
20011
110125
20013
85550
28206
110127
85551
20015
110129
28209
151090
36402
28211
151092
118325
36405
36407
28215
151096
118328
28217
118330
85562
36410
110139
28219
85564
36412
28221
20029
110142
36414
3647
85568
85569
77379
85572
85573
20037
77382
20039
20041
77386
85579
85580
20044
110157
36430
36432
36434
110166
36444
20063
36448
20064
77410
36450
20066
110179
36452
3684
110181
36454
110183
3687
36456
20072
11880
118379
3691
11886
110191
20080
110193
85617
85618
151157
85622
118391
77431
20087
151160
118392
118395
36476
36477
118399
110207
85631
85633
110210
3714
85635
85637
118407
118411
85643
36492
118413
85645
20110
110223
85647
36495
20112
85649
20114
110227
118422
20118
3735
118424
20120
118426
20122
20124
143006
85662
20126
143007
85663
85664
36512
143009
143010
85668
77477
85672
143017
118442
11946
118443
20139
20140
118446
20142
118448
11952
20145
85682
85683
85687
85689
20153
151226
85690
20155
151229
85693
20157
85694
151231
118463
3775
151232
85696
118465
85697
20161
118467
77507
20163
3779
85700
36548
118469
85701
20165
3781
85703
36551
85704
36553
85707
20171
85708
20173
118478
85710
85711
20177
85714
85715
20179
20181
118486
85719
20183
77528
85721
20185
118490
85723
20187
3804
85725
36585
36586
85739
36587
20204
85741
20206
85743
118512
20208
85745
3825
118514
20211
36596
85749
20213
85751
20216
20221
12029
20222
118527
85759
36608
20224
118529
151298
20226
12034
118531
85763
36611
151300
36613
151302
85766
151304
85772
20237
85774
77582
36622
77583
85776
77584
36624
77585
85778
118547
36627
118548
77589
118551
93975
85784
118553
85785
3865
93979
85788
85790
3871
20256
3872
85794
36642
20258
36644
20260
36646
93992
36648
93993
118570
20266
93995
118572
85804
20268
85805
118574
77614
20270
20272
36657
85811
36659
20275
85812
20276
36661
20278
85815
36663
3895
85816
94009
85818
85819
94013
85822
85823
12095
94016
85825
94018
85826
12098
77635
151365
94021
85829
85830
12102
94023
85832
20296
94025
85833
151371
85836
20300
85837
20302
94031
94032
20304
20306
118611
3923
20308
3924
85846
85847
85850
85851
110431
110432
118625
159586
110434
85858
159587
118627
159588
85860
118629
159590
85862
159591
159592
85864
159593
110441
36713
159594
159595
110443
85867
159596
36716
110445
85869
159598
94062
36718
159599
94063
20335
159600
94064
85873
20337
159602
85874
159603
94067
85875
85876
77684
20340
159605
110453
20341
159607
110455
77687
36727
20343
85880
20344
110457
94073
85881
159610
85882
20346
85883
36731
159612
77692
110461
110462
85887
159616
110464
85888
159617
159618
85891
12163
159620
85892
85894
20358
110471
85895
20360
12168
159625
110473
12169
85898
20362
159627
110475
94091
85899
36747
36748
20364
159629
94093
36749
159631
85903
94098
94099
94100
77716
20372
159638
20374
159639
110487
85911
85912
20376
159641
110489
85913
110490
20378
159643
85916
85918
110495
85919
159649
159650
126883
4003
110500
4004
85925
85926
36775
77737
4009
110506
94122
85930
20394
85932
94125
85933
4013
110510
4014
4015
20400
4016
20402
20404
159669
20406
159671
94136
94138
85946
20410
85947
110524
20412
110526
85951
110529
36802
36804
20420
94149
85957
94150
20422
94151
85960
20424
20426
85963
110540
20428
36813
110542
36815
110544
36817
36819
77783
94171
94172
85980
94174
85982
4062
4063
94176
85984
110561
85986
110563
110565
77797
77798
20458
36843
20460
12268
36845
20461
110574
85998
20463
12271
12275
110581
86007
12279
86009
12281
151546
110586
151547
86011
20475
94204
151549
86013
94206
77823
151552
110592
94208
4097
151554
86018
151556
86020
94213
94214
86022
86024
20490
36875
86028
86029
151566
86030
36878
20494
151568
36880
86034
20498
151571
94228
86036
77844
20500
86037
94230
94232
94234
151583
36895
151585
36897
86050
36899
36901
151591
151593
4137
151595
151597
151599
86064
4144
151601
20529
86066
20531
143412
20533
151606
143414
86070
143415
20535
86074
36923
151612
86076
36925
20542
77887
36927
86080
36929
20545
86082
86084
86086
77894
20550
4167
20552
20554
20555
20557
12365
86094
20559
86096
36944
86098
36946
12371
86100
20565
20567
4188
77918
86112
86114
86116
36965
86118
36967
86123
20588
20590
20592
86129
86131
77939
20596
86133
86135
36986
36988
36990
86143
36992
20609
20611
20613
4231
86155
4238
37008
20624
12435
20628
12437
12441
20634
20635
20638
86175
86177
20641
86179
86181
77989
4261
77990
37032
86186
77994
37034
86187
77995
77996
37036
37038
78001
20659
86196
20661
86198
20663
86200
20665
86202
4282
20667
86206
37054
37057
86210
20674
37059
86212
20676
20678
86215
86216
86217
78025
20685
20687
20689
86231
86233
20697
12505
86235
20699
86237
20701
78046
20703
12511
37088
12512
86242
37090
86244
20708
4326
86248
20713
20715
4332
4333
86258
86260
86262
20726
86264
37112
20728
37114
86271
86272
86273
86274
37124
4356
37126
20744
78090
20746
37131
20748
78093
37134
37136
78097
20755
20757
86294
20759
86296
20761
4377
86298
12571
86300
12574
86303
86304
20768
86305
20770
12578
86307
20772
78121
20779
20781
20783
20785
86323
37173
37176
20793
37178
20794
37180
20796
20797
78142
4415
86339
86340
4422
151883
20811
20812
151885
37197
151887
37199
20815
20816
86355
86356
151894
20823
12636
151901
4445
151903
12639
151905
86371
12643
86372
20843
37229
20845
37231
86385
37233
78194
4466
37235
151926
151928
20856
151930
20858
37250
20867
37252
20869
37254
151944
37256
20872
20873
151946
78218
37258
20875
37260
151949
20877
20879
151957
4504
20889
4506
20891
4508
20893
4509
86430
78239
20895
20897
20899
86436
86437
151974
20903
151976
20905
151978
151981
151983
37296
151986
37298
37300
20916
4532
37302
20918
20921
20923
86461
20925
151998
37311
37313
152002
37315
37317
37319
12748
78285
12749
78288
12752
4560
20945
12753
4561
86482
20947
12756
20949
12757
12759
12760
20953
37339
20956
37341
20958
37344
78316
37366
37368
37370
111099
20987
111100
37372
111101
86525
20989
111103
20991
78337
20994
86532
20996
20998
21000
21003
127506
37395
21011
37398
21015
37400
21017
160284
86556
160285
21021
160286
21023
21025
21027
37415
4647
4648
37417
21034
21036
4653
21038
12846
12848
4656
86577
78386
12850
78387
12852
37430
4662
78391
4663
37432
37434
78398
21054
21056
21065
21067
21069
21071
37459
21075
37461
21077
78422
37463
86621
127583
86623
127585
86627
21091
4708
21093
4709
21095
21097
21098
78443
21099
21102
21104
37493
37496
37498
86651
37500
21117
21119
37505
21121
21123
21125
21127
4743
127626
21132
21134
86672
21136
12945
21138
12950
78487
12951
37528
37531
78493
37533
21149
21151
12961
12962
37548
21166
21168
4786
78517
4789
4793
21181
86719
37570
37572
21189
86726
37574
86727
21191
37576
21193
78538
37578
4816
37591
103128
103129
37593
21209
103131
37595
21211
37597
21213
86751
37599
21217
21218
21221
21226
21227
37612
4844
21229
4845
37614
37616
13042
86772
13047
13048
78589
78591
37632
127745
111362
37634
111363
78595
111364
78596
37636
111366
78598
37638
21256
103177
21258
21260
103181
21262
95001
21273
127774
86814
78624
21281
95011
37667
21283
21284
37669
127782
21286
127783
127784
95019
21297
37682
37684
78645
37686
13110
4918
21305
4921
21307
13115
86844
13116
4924
21309
21311
21312
4929
37698
21314
37699
21316
4933
21318
4934
21325
21327
86865
21329
103251
21331
95061
21333
111446
37718
86872
37720
95067
95068
21340
21342
21345
78690
21346
21348
21350
21352
78697
103276
21361
4978
86899
37747
21363
4979
95092
111477
21365
37750
37752
111481
111482
127869
127870
21374
21376
78721
95106
21378
95112
21389
37774
37775
21392
111505
21394
111507
111509
5013
95126
111511
152472
37784
152474
37786
152475
152477
21405
21406
13220
13221
13224
37801
37803
152493
13229
152495
13231
21424
13232
152497
21426
152499
21428
103350
103351
86967
111544
103353
86970
103355
37819
21435
5051
78780
21437
37822
78783
5056
37825
5057
95170
78787
37827
95173
21448
152521
21449
152523
103371
152524
103372
21452
152526
103374
21454
21455
103376
21457
37842
21458
37843
21461
37846
37848
5080
21465
103386
21467
95200
21474
87014
21478
87017
21482
21484
87021
87028
37877
21494
95223
37879
152568
95224
87032
37881
152570
37892
95239
103432
103433
21513
103434
78858
21515
78861
21517
5134
111631
95247
111633
21521
111634
78866
21523
111636
5141
21526
103449
21530
103451
21532
87072
87075
87080
152620
13357
152622
21550
13358
152624
21552
152626
13363
37941
13366
13367
95288
37944
13368
21561
13369
37946
95291
21563
37948
95293
95294
37951
21567
21568
37953
21570
111691
111695
111697
37969
111699
21587
37973
21589
95318
37975
21591
95332
21607
21609
111722
78955
21611
37996
37997
21613
111726
37998
111728
95345
78962
62588
5244
62589
62590
62591
5247
62592
62593
62594
5250
62595
62596
87173
62597
62598
62599
5255
62600
62601
5257
62602
5258
21643
87180
13454
21647
62609
21649
13457
62610
103571
62611
13459
21653
13461
62615
21655
62616
38040
62617
111770
95387
111772
38044
111774
95390
38046
111776
95393
38055
21672
38057
21674
111787
38059
21676
38061
111791
38063
21685
21687
95417
79033
21689
87228
87232
103617
21699
21701
21703
21705
111818
95438
38095
38097
21713
21714
21716
21719
13527
21721
13531
21724
21726
38120
38123
111852
87276
111853
38125
21745
87283
21747
38133
21749
38135
21751
21752
95481
38137
21754
38139
95484
21756
128254
95486
21758
128256
21760
128258
21762
79107
79110
5385
79114
5386
5391
5392
38161
38163
5395
5396
5397
5398
95511
103710
79140
38182
87335
38184
95532
87340
87341
111920
111921
111923
103733
103738
38210
13635
38212
13639
13643
13645
13646
38224
38226
95574
38230
38239
38241
38243
38245
79212
5484
79215
5487
5489
87410
95603
5491
111988
103796
79221
111990
103799
111992
103801
111994
103803
112003
112005
112007
95624
38280
38282
38284
38286
13726
62880
62881
13729
62882
103844
38309
13733
112039
103848
38312
112041
38314
112043
103851
103852
112045
5552
95666
87476
5559
87481
38329
79295
38336
112066
38338
112068
112070
95696
38358
38360
38362
112096
112098
38372
95717
112109
112111
112112
38386
38389
38391
87547
87550
87554
38406
13830
38408
13833
38410
13834
38412
13838
95760
13841
13843
13844
95767
79383
5656
112156
5661
112158
79390
5662
112159
112161
5671
5672
112171
112173
112175
95791
38449
38452
38454
38455
112185
38457
112187
112189
112195
95812
87623
87625
87629
38485
38487
112218
112224
38504
79466
38506
38508
38510
112241
95857
79473
112243
95860
112245
95862
95863
38526
38528
38530
38539
112268
13964
112269
38541
87694
95887
38543
112272
13968
38545
112274
87699
13977
38554
13978
38556
38558
5791
112289
5794
95908
5797
5800
38574
87727
5807
38576
38578
38580
87733
79542
79545
38589
95949
95953
38609
95954
38611
112344
87775
87779
112357
38631
112360
95978
38634
38636
14064
38652
38654
95999
5888
5891
112389
112391
5895
38672
38674
38676
38678
153367
153368
112410
112416
79649
112418
112420
112422
38694
79657
38697
38699
153389
96045
153390
96052
38714
38716
87873
153411
153412
5958
5963
96076
5964
112465
14161
112467
38740
14164
14165
153433
153434
38750
14174
14175
112480
96097
38753
112482
38755
112484
153455
153456
79731
112500
38777
79738
38779
38781
38783
112521
112523
96139
6028
112525
112527
6031
6035
38812
87965
38814
87972
112550
153511
112552
96168
153513
112554
112556
87981
14256
38834
38836
14261
38838
14262
96189
38848
38851
79813
38853
79818
79819
79820
79823
88016
112598
112602
112604
38876
38879
38881
96231
153576
153578
96234
112619
88050
14324
14327
38904
14329
14330
6139
6140
6145
96261
38918
6150
38920
6152
6153
38922
79891
55321
96282
55322
55323
112669
112671
112673
153642
153644
112684
112686
55348
88117
55349
55350
88119
14393
88123
14396
14400
112712
96328
96331
96333
96334
55378
55379
55380
79966
6239
79969
79973
96358
6246
112747
88171
112749
153711
153712
112759
112762
112763
96379
112781
112784
112786
112788
88217
112803
6307
112804
96420
96423
14503
14504
112809
96425
96426
14507
153775
14512
88241
153778
14514
88243
14515
88245
88250
88252
88254
88256
96450
80066
112839
88264
80072
112841
80073
88266
112843
88268
88270
88272
6374
112873
6377
88298
112875
6381
153842
153843
162042
96506
162043
88315
162044
112892
162045
96509
88317
162046
162047
112895
96511
88319
112896
88321
88324
14600
112906
112908
112910
14607
80147
80150
88343
80151
88344
80152
88345
88349
88350
80158
88364
88366
88368
112947
112948
88373
153911
88375
153912
88377
112970
88397
6478
112976
88401
14673
6481
6484
88405
14677
88407
6487
112984
88409
6490
88411
6492
88416
80225
80228
96614
88422
88424
80232
96618
96619
88427
153974
88439
153977
80257
113026
80258
88453
88455
88457
88459
88462
88464
88466
14739
88468
14743
88474
113053
113055
113057
113066
88490
113067
113068
96685
6575
6580
6582
154039
154040
113094
113095
129480
113098
113100
80333
80334
80335
14802
14805
14807
14809
96731
113124
88553
88557
88558
113137
88561
88562
113139
6644
113141
88567
6648
154105
113145
154106
88570
6650
88574
113151
88576
113153
88578
113155
88580
88584
88585
14868
14874
14875
96802
96805
96808
96809
80426
80429
80432
80433
154169
88633
154171
88641
88642
88644
88647
88649
88651
88653
88654
88656
88659
6751
6752
88673
88675
88677
137832
137833
137834
96874
6762
6764
96877
6765
154231
80504
80507
14975
80516
14980
14988
14989
88724
88728
88731
88733
88743
88745
88747
88749
96944
88753
88754
96947
154293
96949
96950
88760
154297
154299
88764
154301
88766
88768
88769
154307
154309
154311
154313
80586
80592
154321
129746
129747
154329
154331
154333
154336
15078
6889
6890
154349
154351
6895
88817
154354
6899
6900
6901
6902
97015
97018
88832
88833
88835
88837
88841
88842
88845
88848
88850
88851
80661
88872
88873
88875
88880
88882
88883
88884
88885
88886
97087
15175
15178
15179
6987
6992
6994
15189
15190
88925
88931
88932
80740
88933
80741
88934
80742
97132
88940
88941
88943
97138
97139
88954
88958
88969
88971
7059
129940
88984
88986
7066
88988
88990
88992
88994
15271
80813
15278
89010
97203
89012
89014
97208
89016
97209
89017
89019
89020
89022
129984
129987
129997
89042
89043
89044
89045
89065
15339
89069
89071
89073
15346
89075
89077
89081
89082
89084
80892
154622
89087
154624
89088
89089
154626
89090
154628
89092
89093
89094
7174
154631
89095
80903
7175
154632
80904
154637
7181
154640
7185
154642
7187
154644
89108
7188
154646
89110
97304
89112
154650
154652
154656
89120
89121
154658
89122
89123
154664
154666
154671
154672
154675
154676
154678
154681
154686
154688
154690
154692
97350
154699
80971
97356
154701
97357
80974
89167
89168
89169
89170
80978
89171
154709
89173
15445
89174
89176
15448
154713
154715
89179
89181
105566
89183
154720
15456
154722
15459
15460
7270
7277
89209
105600
89221
89223
89225
97422
97424
89232
89233
89234
89235
97428
89236
81046
89239
81047
89240
81048
81049
105627
105629
105644
105647
105649
89284
89285
89288
89289
89291
89292
7372
89295
89296
7377
7378
7382
7384
97497
89307
97500
7388
15581
7389
81118
15582
97504
89312
89314
81123
89316
15588
15592
15594
89324
89325
89326
89328
89329
89330
89332
89334
89336
89338
105723
105724
89340
105726
89343
64770
64771
64772
89354
89355
89356
89357
89358
89359
89360
89361
89362
89364
97568
97573
97574
81193
81195
89390
81199
89392
89400
89402
89404
89406
15678
15684
7518
7521
7524
97642
7534
7535
97648
81269
89466
15748
89478
15750
15754
89495
130458
89502
97711
97716
97718
81344
81345
81346
89540
89541
7621
81350
7624
89545
89547
7628
89558
89560
89562
89564
130538
130544
89584
130546
130547
15859
15860
130549
97782
97785
89594
89595
15870
89601
15873
89602
15874
89608
89609
81423
89631
89642
7723
7726
89647
7734
155193
7738
155195
89659
7739
155197
97855
89667
97861
89669
89671
155210
155213
89680
81489
155218
89682
81490
15955
155220
89684
81492
81493
89686
15958
155223
15961
15962
89697
89699
89701
89703
155241
155243
155257
155268
89733
155271
7819
97934
7822
97936
7825
7826
130709
130713
81562
130715
81565
130720
89760
81569
89763
89765
89767
130728
89768
89769
89770
89771
89772
89773
89774
89775
16055
16061
16062
130754
130756
130757
130759
16071
89800
16072
89804
97999
7888
98003
98004
7893
7894
89816
89818
89820
89822
89826
89829
89831
81639
81642
89839
89840
89841
89842
89843
89844
81652
89845
81653
89847
89849
89851
89853
89856
89858
89859
89862
7957
98075
7964
89892
89900
89913
81721
89915
89917
89919
81727
16199
16200
16203
16207
16208
16210
16211
89943
89945
98140
89965
89967
8065
8066
81795
89989
81798
89991
8072
89993
89995
8076
8078
8079
90010
90012
90014
90016
98212
90024
16297
90026
16299
90028
16301
90030
90031
16303
90032
90037
90041
90042
90043
114620
90044
114622
114623
114625
90059
114643
81875
90069
122839
90071
81879
122840
81880
122842
122843
81885
81886
8163
8164
8170
114670
114673
114674
98290
98291
122872
)


// ************************************************************************* //
