/*--------------------------------*- C++ -*----------------------------------*\
| =========                 |                                                 |
| \\      /  F ield         | OpenFOAM: The Open Source CFD Toolbox           |
|  \\    /   O peration     | Version:  v2012                                 |
|   \\  /    A nd           | Website:  www.openfoam.com                      |
|    \\/     M anipulation  |                                                 |
\*---------------------------------------------------------------------------*/
FoamFile
{
    version     2.0;
    format      binary;
    class       faceSet;
    arch        "LSB;label=32;scalar=64";
    location    "constant/polyMesh/sets";
    object      concaveFaces;
}
// * * * * * * * * * * * * * * * * * * * * * * * * * * * * * * * * * * * * * //


236
(
71169
247810
282118
71175
472072
471053
521742
277518
81939
86547
102420
86042
68125
58915
462380
282675
58425
245819
71229
254525
93758
291902
290879
344132
312388
453701
271941
84551
316489
315466
81999
261199
470613
87637
275541
316501
66134
318043
84572
234077
234081
321634
275555
85093
94312
270952
92268
318062
245359
260719
254577
282225
321655
317563
68220
81532
318078
319102
287872
468609
336001
237700
318088
66185
269961
290442
73359
286353
290961
315541
82070
317593
336030
338591
271519
109730
286371
454309
81577
317610
70833
110769
249011
471222
85174
94902
312502
64183
319166
241856
329920
470723
63683
241859
317637
81606
274632
343753
72907
81615
87762
273106
248532
61141
258773
89814
343259
87264
90858
87788
272108
463598
255216
41208
462079
80128
90886
255242
260878
71951
226575
453905
345873
80146
226579
62741
72981
59158
284442
288538
318746
87324
255265
318755
276261
61736
319275
80172
89389
271153
80690
318773
257336
292673
292676
88391
257351
80200
292684
89933
90957
287057
320337
313173
90966
293206
273243
231774
319326
90975
80225
231778
320354
75624
292712
317801
89452
293228
77166
292718
75632
317808
60785
282481
258930
317812
320373
521590
285562
278397
291709
80254
292735
289153
258440
450960
80272
282514
321429
317846
454041
80281
462239
86433
278433
80804
521638
62890
342958
278446
343984
81840
278451
311737
63422
91073
313285
491462
65479
76236
80848
272339
251860
251861
244182
278487
34265
81884
293340
461790
293346
259557
461798
228326
228330
345581
314352
282611
86516
293367
88570
461820
282108
282621
94206
95231
)


// ************************************************************************* //
